艾叶,120g,香附,240g,吴茱萸,80g,肉桂,20g,当归,120g,川芎,80g,白芍,80g,地黄,40g,黄芪,80g,续断,60g
南香附子,1斤,酒浸,4两,醋浸,4两,盐汤浸,4两,童便浸,4两,日焙干,None,北艾叶,None,研烂,None,筛去灰,None,醋浸,2两,当归,2两,川芎,2两,白芍,2两,熟地,2两
艾叶,3两,香附,6两,用醋,5升,以瓦罐煮,None,昼夜,None,捣烂为饼,None,吴茱萸,2两,大川芎,2两,白芍,2两,黄芪,2两,花椒,3两,续断,1两5钱,生地,1两,肉桂,5钱
当归身,None,川芎,1.5克,艾叶,1.5克,阿胶,1.5克,甘草,1.5克,黄柏,1.5克,知母,1.5克,白芍,2.4克,姜汁炒黄连,2.4克,生地,3克,黄芩,3克,香附,3克
香附,96g,鹿茸,24g,阿胶,24g,紫河车,20g,白芍,16g,当归,16g,牛膝,14g,川牛膝,14g,北沙参,12g,没药,12g,天冬,11.5g,破故子,11g,桂圆肉,10g,茯苓,8g,黄柏,8g,龟板,8g,锁阳,8g,杜仲,8g,秦艽,8g,鳖甲,8g,艾叶,8g,白薇,8g,元胡,8g,山萸肉,8g,鹿尾,7.5g,枸杞子,6g,鸡冠花,6g,黄芪,6g,乳香,6g,赤石脂,6g,鹿角胶,6g,菟丝子,4g,肉苁蓉,6g,鸡血藤,4g,桑寄生,4g,琥珀,4g,甘草,4g,人参,2g,乌药,3g,丝棉,2g,血余炭,2g,白术,24g,西红花,0.8g,地黄,16g,砂仁,24g,沉香,13g,酸枣仁,16g,续断,10g,陈皮,14g,橘红,8g,川芎,12g,泽泻,8g,黄芩,10g,青蒿,6g,远志,8g,肉豆蔻,6g,藁本,6g,红花,4g,柴胡,6g,木香,2g,苏叶,5g,熟地,16g,丹参,2g
桑寄生,16两,青毛鹿茸,96两,乳香,24两,血余炭,8两,艾炭,32两,紫河车,80具,蚕绵炭,8两,熟地,64两,杜仲,32两,茯苓,32两,桂圆肉,40两,鸡血藤,16两,香附,384两,山萸肉,32两,鹿角胶,24两,锁阳,32两,鳖甲,32两,酸枣仁,64两,白薇,32两,琥珀,16两,元胡,32两,白芍,64两,甘草,16两,鸡冠花,24两,枸杞子,24两,没药,48两,人参,8两,乌药,12两,牛膝,56两,破故子,44两,当归,64两,黄柏,32两,阿胶,96两,天冬,46两,藏红花,3两2钱,黄芪,24两,菟丝子,16两,龟板,32两,秦艽,32两,川牛膝,56两,肉苁蓉,24两,鹿尾,5两,北沙参,48两,用黄酒,1910两,续断,40两,川芎,48两,沉香,52两,泽泻,32两,丹参,8两,黄芩,40两,赤石脂,24两,白术,48两,木香,24两,生地,64两,苏叶,20两,柴胡,24两,陈皮,56两,肉豆蔻,24两,白术,96两,青蒿,24两,橘红,32两,远志,32两,藁本,24两,砂仁,96两,红花,16两,铺槽揽匀,None
熟地,80g,地黄,80g,白芍,80g,当归,80g,川芎,80g,人参,40g,白术,80g,茯苓,80g,甘草,40g,益母草,40g,黄芩,80g,牛膝,40g,橘红,80g,沉香,40g,木香,16g,砂仁,40g,琥珀,40g
熟地,80g,地黄,80g,白芍,80g,当归,80g,川芎,80g,人参,40g,白术,80g,茯苓,80g,甘草,40g,益母草,40g,黄芩,80g,牛膝,40g,橘红,80g,沉香,40g,木香,16g,砂仁,40g,琥珀,40g
人参,3钱,茯苓,3钱,当归,3钱,白芍,3钱,小茴香,3钱,熟地,3钱,白术,4钱,川芎,4钱,甘草,1钱,柴胡,1钱,香附,1钱
益母草,None,日俱可采,None,阴干,None,折去下半截,None,用上半截,None,连穗叶,None,石臼杵捣,8两,人参,1两,白术,1两,茯苓,1两,甘草,5分,当归身,2两,川芎,5分,熟地,2两,白芍,1两,角沉香,4钱
当归,None,川芎,None,白芍,None,怀熟地,None,人参,None,白术,None,茯苓,None,甘草,None,香附,4份,盐,None,醋,None,酒,None,阿胶,None,益母膏,None
益母草,1斤,人参,1两,怀熟地,4两,茯苓,3两,当归身,4两,川芎,2两,广木香,1两,砂仁,2两,生甘草,2两,白术,4两,白芍,2两
人参,128两,鹿角胶,128两,牡蛎,48两,白芍,128两,当归,144两,甘草,32两,鹿角霜,48两,鳖甲,64两,丹参,128两,香附,128两,天冬,64两,桑螵蛸,48两,熟地,256两,乌鸡,32只,14,None,味均下罐,None,用绍酒,1344两,生地,256两,川芎,64两,黄芪,32两,银柴胡,26两,芡实,64两,山药,128两,味不下罐,None,共研为但末,None,铺槽底,None,搅匀,None
真阿胶,2两,蕲艾叶,2两,当归,None,酒洗,2两,川芎,2两,怀庆熟地黄,2两,白芍,2两,香附,None,去毛,None,杵成米,None,醋淹,None
香附,1斤,童便浸,None,酒浸,None,泔浸,None,盐水浸,None,大艾叶,4两,将米泔慢火煮半日,None,砂仁,5钱,淮熟地,3两,白芍,3两,元胡,1两5钱,五味子,5钱,杜仲,1两,阿胶,1两5钱,白术,1两
牡蛎,1两,肉桂,1两,当归,1两,龙齿,1两,益智仁,1两,乌药,1两,杜仲,1两2钱,石菖蒲,1两2钱,山萸肉,1两2钱,茯神,1两2钱,牛膝,1两2钱,花椒,5钱,细辛,6钱,半夏,6钱,半姜,6钱,人参,8钱,当归,8钱,白芍,8钱,紫石英,8钱
益母草,1斤,当归,1斤,川芎?,8两,香附,8两
当归,4两,白芍,3两,白术,2两,茯苓,4两,陈皮,2两,党参,2两,丹皮,2两,川芎,2两,肉桂,2两,元胡,2两,香附,4两,黄芪,1两,熟地,2两,藁本,5钱,白芷,5钱,木香,1两,砂仁,1两,甘草,1两,艾炭,1两,知母,1两,黄柏,2两
续断,6克,北沙参,6克,杜仲,6克,当归,6克,香附,6克,益母草,6克,川芎,6克,陈皮,6克,砂仁,1.5克
鳖甲,1两半,杏仁,None,尖双仁,1两半,苦葫芦,1两半,天冬,1两半,巴豆,1分,猪牙皂荚,1两,石菖蒲,1两,肉桂,1两,葶苈子,1两,甘遂,1两,苦参,1两,大黄,1两,柴胡,1两,当归,1两,羚羊粉,1两,龙骨,3分
白薇,1两8钱,泽兰,1两2钱,当归,6钱,白芷,9钱,卷柏,2两,肉桂,1两5钱,藁本,1两2钱,川芎,6钱,石膏,2两,桃仁,1两5钱,麦冬,1两2钱,人参,9钱,花椒,1两8钱,茯苓,1两2钱,陈皮,3钱,炒车前,1两8钱,蒲黄,1两5钱,赤石脂,6钱,紫石英,3两,蛇床子,6钱,覆盆子,1两5钱,生地,1两8钱,泡干姜,1两8钱,白龙骨,1两2钱,远志,1两2钱,禹余粮,1两2钱,细辛,1两8钱
当归,None,生地,None,白芍,None,川芎,None,酸枣仁,None,木瓜,None,甘草,None
人参,8.2g,鹿茸,9.4g,党参,40g,当归,39g,熟地,77.5g,黄芪,39g,白芍,39g,川芎,30g,元胡,23g,芦巴子,30g,续断,30g,白术,30g,香附,31g,砂仁,23g,益母草,39g,黄芩,30g,桑寄生,21g,甘草,30g
当归,5钱,川芎,4钱,丹参,1两,鹿茸,2钱,枸杞子,3钱,五味子,3钱,豆蔻,3钱,白术,5钱,莲子,5钱,茯神,4钱,远志,5钱,节菖蒲,5钱,甘草,4钱,何首乌,4钱,生地,5钱
当归,4两,川芎,3两,益母草,6两,香附,2两
川芎,1两,当归,1两,枳壳,1两,厚朴,1两,肉桂,1两,干姜,1两,白芍,1两,木香,1两,青皮,1两,神曲,1两,麦糵,1两,人参,1两,莪术,None,舶上茴香,1两,荆三棱,1两,苦楝子,1两,茯苓,1两,生地,1两,大黄,0.5两,诃子,0.5两
人参,3克,黄连,3克,当归身,9克,白芍,9克,川芎,4.5克,木香,3克,白豆蔻,3克
当归,3钱,青皮子,3钱,阿胶,3钱,沉香,3钱,山药,3钱,川芎,3钱,菟丝子,3钱,熟地,3钱,黄芩,2钱,白术,2钱,川贝,2钱,艾炭,2钱,杜仲炭,2钱,续断,2钱,麦冬,2钱,陈皮,2钱,芥穗,2钱,厚朴,2钱,枳壳,2钱,川羌,1钱5分,生黄耆,1钱5分,砂仁,1钱5分,甘草,1钱5分,木香,1钱5分,人参,6钱,茯苓,4钱,白芍,4钱,鹿茸,1两,龙涎香,1钱,苏叶,1钱
益母草,8两,香附,2两,嫩黄耆,3两,人参,2两,白术,3两,茯苓,2两,甘草,2两,当归身,3两,白芍,2两,陈皮,2两,熟地,3两,砂仁,2两
熟地,4两,当归身,4两,续断,2两,阿胶,2两,杜仲,2两,丹参,2两,黄芪,1两5钱,白芍,1两5钱,元胡,1两5钱,川芎,1两5钱,陈皮,5钱,香附,1两
琥珀,0.5两,南木香,0.5两,血竭,0.5两,元胡,0.5两,川当归,1两,川芎,0.5两,肉桂,0.5两,赤芍,0.5两,芥穗,0.5两,枳壳,1两,生地,2两
益母膏,8两,当归,4两,白芍,4两,川芎,4两,肉桂,3钱,广木香,2两
紫河车,1具,去红筋,None,砂锅煮烂,None,败龟版,2两,黄柏,1两5钱,杜仲,2两,牛膝,2两,茯苓,2两,地黄,3两,入砂仁,6钱,天冬,1两2钱,麦冬,1两2钱,五味子,7钱,当归,2两
丹参,4两,大川芎,1两半,川归身,2两,乌药,1两,香附,3两,只用净末,1两
丹皮,None,肉桂,None,当归,None,元胡,None,牛膝,None,赤芍,None,三棱,None,莪术,None
当归,150g,红花,50g,%乙醇,None
当归,30g,红花,20g,丹参,15g,月季花,15g,米酒,1500ml
当归,4两,酒,3升
熟地,240两,茯苓,120两,当归,120两,黄芪,120两,川芎,120两,肉桂,60两,白芍,120两,苁蓉,120两,白术,120两,甘草,30两
当归,150g,白芍,150g,地黄,400g,炙黄芪,150g,阿胶,150g,丹皮,100g,香附,150g,茯苓,150g,杜仲,200g,白术,200g
鸡蛋,2只,当归,9克
益母草,600g,当归,200g,白芍,200g,柴胡,100g,木香,50g,川芎,50g
酒炒菟丝子,30克,酒炒白芍,30克,酒洗当归,30克,熟地,15克,山药,15克,茯苓,9克,芥穗,6克,柴胡,15克
菟丝子,30克,白芍,30克,当归,30克,熟地,15克,山药,15克,茯苓,9克,芥穗,6克,柴胡,15克
当归,12两,人参,5两,黄毛鹿茸,3两,藏红花,3两,熟地,4两,白术,3两,三七,2两5钱,鸡血藤,2两5钱,白芍,3两,枸杞子,3两,阿胶,2两,益母草,5钱,香附,5钱,元胡,5钱,柴胡,5钱,小胡麻,5钱,鹿角霜,5钱,五灵脂,5钱,甘草,5钱,茯苓,4钱,干姜,4钱,杜仲,4钱,川牛膝,3钱,砂仁,3钱,川芎,2钱,黄芩,2钱,肉桂,2钱,乌药,3钱,细辛,1钱5分
本品为人参,None,鹿茸,None,西红花,None,鸡血藤,None,三七,None,白芍,None,熟地,None,当归,None,白术,None,枸杞子,None,黄苓,None,香附,None,小胡麻,None,川芎,None,鹿角霜,None,阿胶,None,延胡索等药味经加工制成的大蜜丸,None
草果,2斤,砂仁,2斤,白豆蔻,1斤,广木香,2斤,公丁香,1斤,母丁香,1斤,肉桂,3斤,附片,2斤,蛇床子,2斤,甘草,2斤,龙骨,2斤,炒吴萸,2斤,茯苓皮,2斤,细辛,2斤,花椒,2斤,檀香,2斤,枯矾,2斤,当归,6斤,白芷,10斤,山奈,2斤,海螵蛸,2斤
吉林人参,2钱,熟地,5钱,香附,5钱,苏叶,2钱5分,生地,5钱,阿胶,2钱5分,当归,5钱,橘红,5钱,川牛膝,2钱,白术,5钱,沉香,1钱,川芎,5钱,台乌药,5钱,西砂仁,1钱5分,炒黄芩,5钱,西琥珀,2钱5分,茯苓,5钱,广木香,2钱5分,甘草,1钱5分,东白芍,5钱,益母草,3两
人参,3两,当归,3两,白芍,3两,赤芍,3两,川芎,3两,白芷,3两,熟地,9两,茯苓,5两,肉桂,5两,牛膝,5两,丹皮,5两,藁本,5两,琥珀,1两,朱砂,1两,白薇,8两,赤石脂,2两,白石脂,2两,乳香,2两,没药,2两,甘草,1两5钱,香附,2斤
益母草,250g,熟地,125g,当归,100g,川芎,75g,白芍,75g,茯苓,75g,白术,75g,元胡,50g,蜜甘草,50g,人参,50g,阿胶,25g
人参,2两,生地,1两2钱,香附,2两6钱,山楂肉,8钱4分,黄芪,1两3钱,黄芩,1两5钱,沉香,1两6钱,橘红,1两6钱,益母草,6钱4分,甘草,3两2钱,白芍,1两6钱,川羌活,8钱4分,阿胶,2两6钱,当归,2两2钱,丹参,4两2钱,大腹皮,8两4钱,杜仲,2两6钱,茯苓,6两4钱,山药,4两2钱,白术,8钱4分,菟丝子,3两2钱,川芎,2两4钱,血余炭,8钱4分,续断,6钱4分,枳亮,1两2钱,莲子,6两4钱,川厚朴,1两5钱,麦冬,2两5钱,砂仁,2两9钱,广木香,8钱4分,苏叶,2两5钱,琥珀,8钱4分,肉苁蓉,1两2钱,艾叶,6钱4分,川贝,2两2钱,沙苑子,2两2钱
益母草,320两,白芍,80两,当归,80两,川羌,30两,木香,30两,柴胡,30两
元胡,4斤,生黄耆,4斤,人参,4斤,生阿胶,4斤,白薇,4斤,生白芍,4斤,甘草,4斤,茯苓,4斤,制没药,4斤,当归,4斤,黄柏,4斤,生鹿角,4斤,制松香,2斤,乳香,1斤,杜仲炭,2斤,故纸,1斤,益母膏,10斤,锁阳,1斤,小茴香,8两,菟丝子,1斤,血余炭,8两,艾炭,8两,红白鸡冠花,2斤,装入罐,None,或不生锈的桶内,None,将罐口封固,None,隔水蒸煮,None,生山药,4斤,川芎,4斤,丹皮,4斤,熟地,4斤,白芷,4斤,白术,4斤,藁本,4斤,黄芩,4斤,红花,1斤,陈皮,6斤,砂仁,4斤,广木香,1斤,续断,1斤,青蒿,1斤,肉桂,1斤,苏叶,1斤,益母草,15斤,煅赤石脂,4斤
当归,40两,白芍,40两,白术,40两,柴胡,40两,阿胶,24两,蛇床子,24两,吴茱萸,20两,椿白皮,16两,海螵蛸,16两,艾炭,16两,黄芩,12两,益母草,16两,威灵仙,16两,藁本,20两,秦艽,22两,茯苓,16两,牡蛎,8两,木瓜,16两,益智仁,16两,香附,32两,远志,12两,黄芪,16两,甘草,8两,破故子,16两,青皮,12两,郁金,16两,半夏,12两,使君子,16两,白芷,8两,川羌,8两,九菖蒲,24两,川牛膝,8两,川芎,16两,杜仲炭,24两,苍术,12两,续断,16两,何首乌,16两,桂枝,4两,元胡,16两,党参,48两,酸枣仁,16两,丹皮,8两,胡连,8两,独活,8两,黄连,8两,绿七爪,8两,白矾,16两,赤石脂,10两,豆蔻仁,1两6钱,砂仁,1两6钱,莲子,160两
香附,250kg,川芎,10kg,当归,90kg,元胡,20kg,生白术,14.06kg,甘草,6.5kg,大枣,50kg,白芍,7.5kg,赤芍,7.5kg,熟地,30kg
益母草,20两,五灵脂,7两,香附,21两,白芷,7两,当归,14两,薄官桂,7两,陈皮,14两,白薇,7两,元胡,7两,藁本,7两,抚川芎,7两,粉甘草,7两,白芍,7两,制没药,7两,茯苓,7两,鹿角胶,7两,白术,7两,西党参,5两5钱,熟地,7两,西砂仁,5两,丹皮,7两,阿胶,7两,黄芩,7两
元胡,4两,山药,4两,熟地,4两,黄芪,4两,人参,4两,白芍,4两,甘草,4两,茯苓,4两,当归,4两,鹿角,4两,续断,1两6钱,阿胶,4两,杜仲,1两6钱,小茴香,8钱,故纸,1两6钱,菟丝子,1两6钱,祁艾,8钱,血余炭,8钱,没药,4两,乳香,4两,红鸡冠花,1两6钱,白鸡冠花,1两6钱,赤石脂,4两,黄柏,4两,益母膏,1斤,罐内,None,兑黄酒,10斤,用火煮,None,天,None,川芎,4两,丹皮,4两,白术,4两,白芷,4两,黄芩,4两,红花,1两6钱,陈皮,6两,砂仁,4两,木香,1两6钱
元胡,93.75kg,蒲黄,93.75kg,五灵脂,93.75kg,丹参,93.75kg
当归,5两,香附,3两,川芎,1两,肉桂,2两,木香,1两,熟地,3两,白芍,3两,砂仁,1两,山药,3两,川贝,2两,阿胶,1两,茯苓,3两,干姜,1两,党参,2两,黄芪,2两,续断,2两,白术,2两,知母,2两,甘草,1两,地骨皮,1两,艾叶炭,2两,杜仲炭,1两,柴胡,1两
滇鸡血藤膏粉,218.75g,川牛膝,59.5g,续断,53g,红花,5g,黑豆,12.5g,糯米,437.5g,饴糖,300g
益母草,10kg,槲寄生,1kg,风仙花全草,2株,五味子,150g,泽兰,1kg
益母草,400g,泽兰,100g,槲寄生,100g
附子,1枚,脐心作窍,None,如皂角子大,None,入茱砂,3钱,湿纸包,None,牡蛎,1枚,泉,None,州所出者,None,童便涂遍厚纸,None,裹,None,米醋浸透,None,盐泥固济,None,候干以炭,5斤,肉桂,3钱,龙齿,3钱,当归,3钱,乌药,3钱,益智仁,3钱,杜仲,3钱,石菖蒲,3钱,山萸肉,3钱,茯神,3钱,牛膝,3钱,秦艽,3钱,细辛,3钱,桔梗,3钱,半夏,None,防风,3钱,白芍,3钱,干姜,1两半,辽参,1两,花椒,None
香附,8两,半醋浸,None,砂铫内煮干,None,半童便浸,None,当归,4两
苍术,None,葛根,None,桔梗,None,当归,None,茯苓,None,白芷,None,枳壳,None,甘草,None,陈皮,None,白芍,None
艾叶,5两,牡蛎,3两,龙骨,3两,当归,2两,附子,1两,赤石脂,3两
红花,3克,当归,3克,怀牛膝,3克,苏木,3克,川芎,1.5克,麸炒枳壳,1.8克,莪术,2.4克,赤芍,2.4克,三棱,2.4克,芫花,2.4克
红花,10克,当归,10克,丹参,15克,糯米,100克
琥珀,0.5两,南木香,0.5两,血竭,0.5两,元胡,0.5两,川当归,1两,川芎,0.5两,肉桂,0.5两,赤芍,0.5两,芥穗,0.5两,枳壳,1两,生地,2两
香附,500克,用童便浸,250克,用好醋浸,60克,好艾,120克,再加好醋,1升,入砂锅内煮干为度,60克,日中晒干,60克,没药,60克,当归,60克,川芎,60克,熟地,60克,生地,60克,白芍,60克,琥珀,30克
香附,1斤,好醋浸,None,好艾,4两,再加好醋,5碗,入砂锅内煮干为度,None,日中晒干,None,没药,2两,当归,2两,川芎,2两,熟地,2两,另杵,None,生地,2两,另杵,None,白芍,2两,琥珀,1两
当归,None,川芎,None,白芍,None,生地,None,陈皮,None,半夏,None,茯苓,None,甘草,None
滇鸡血藤膏粉,87.5g,川牛膝,23.8g,续断,21.2g,红花,2g,黑豆,5g,熟糯米粉,175g,饴糖,120g
丹参,1两,丹皮,1两,当归,3两,生地,2两,熟地,4两,桔梗,1两,生白芍,2两,天冬,2两,麦冬,2两,元胡,2两,川木通,1两,红花,2两,生阿胶,5钱,酸枣仁,5钱,远志,5钱,川楝子,4钱,陈皮,8钱,乌药,8钱,炒稻芽,1两,泽兰,3两,茯苓,2两,莲子,4两,龙胆草,2两,广木香,8钱,蝉蜕,1两,草蔻,5钱,香附,4两,枳壳,1两,生于术,8钱,青皮,1两5钱,厚朴,2两,炒益智仁,1两
丹参,30克,益智仁,30克,川木通,30克,当归,90克,桔梗,30克,生地,60克,龙胆草,60克,远志,15克,天冬,60克,酸枣仁,15克,麦冬,90克,草蔻,15克,川楝子,120克,乌药,24克,茯苓,60克,白芍,60克,白术,24克,建曲,120克,阿胶,15克,丹皮,30克,青木香,24克,藏红花,60克,枳壳,30克,陈皮,24克,熟地,120克,香附,12克,谷芽,30克,元胡,90克,青皮,45克
滇珍参,3钱,薏苡仁,4钱,咀片,None,再入姜,None,加米仁汁蒸,None,怀生地,1两,酒,None,姜,None,味拌蒸,None,九晒,None,收,None,当归,4钱,白芍,3钱,川芎,2钱,米泔水浸洗,None,收干,None,丹参,4钱,小胡麻,4钱,香附,3钱,土,None,醋,None,盐,None,童便,None,甘草水,None,云白术,5钱,女贞子,3钱,车前水浸,None
香附米,4两,醋浸,1分,米泔浸,1分,酒浸,1分,童便浸,None,益母草,2两,艾叶,1两,阿胶,2两,熟地,2两,川芎,1两,当归,1两5钱,白芍,1两3钱,陈皮,1两,白术,1两5钱,半夏,None,姜汁浸,1两,白茯,1两,甘草,3钱,黄芩,1两,丹皮,1两,吴茱萸,5钱,元胡,4钱,小茴香,5钱,没药,5钱,续断,1两,麦冬,1两
益母草,8分,香附米,8分,醋炒,None,熟地,4两,当归,4两,白术,4两,阿胶,3两,生地,3两,陈皮,3两,茯苓,3两,川芎,2两,半夏,2两,白芍,2两,麦冬,2两,黄芩,2两,杜仲,2两,丹皮,2两,续断,2两,元胡,2两,没药,1两,甘草,1两,吴茱萸,7钱,小茴香,7钱
香附,1斤,乌药,1斤,去烟,None,川芎,0.5两,生地,0.5两,熟地,0.5两,白芍,0.5两,当归,0.5两,甘草,4两,白芷,4两
当归,1钱,白芍,8分,茯苓,8分,白术,1钱,陈皮,8分,知母,8分,川贝,8分,香附,8分,柴胡,3分,薄荷,3分,地骨皮,8分,甘草,3分,麦冬,8分
当归,3克,白芍,2.5克,茯苓,2.5克,白术,3克,陈皮,2.5克,知母,2.5克,川贝,2.5克,香附,2.5克,柴胡,1克,薄荷,1克,地骨皮,2.5克,甘草,1克,麦冬,2.5克
川当归,None,酒润,None,川芎,30克,熟地,30克,白芍,30克,香附,45克
麦冬,15克,人参,12克,生山药,12克,半夏,9克,白芍,9克,丹参,9克,甘草,6克,桃仁,6克,大枣,3枚
香附米,1斤,酒浸,1分,盐汤浸,1分,童便浸,1分,醋浸,None,当归,3两,川芎,3两,熟地,3两,白芍,3两,白术,2两,陈皮,2两,泽兰叶,2两,黄柏,1两,甘草,1两
乌药,30克,缩砂木香,30克,元胡,30克,香附,60克,甘草,45克
当归身,3两,白茯神,2两,玉竹,2两,白芍,2两,酸枣仁,2两,丹参,2两,远志,2两,柏子仁,2两,续断,2两,橘红,1两,杜仲,2两,秦艽,1两5钱,女贞子,2两,钩藤钩,4两,郁金,2两
益母草,0.5斤,当归,2两,赤芍,2两,木香,2两
益母草,8两,川芎,2两,白芍,2两,当归,2两,熟地,2两,广木香,2两
当归,6克,白芍,6克,山药,6克,枸杞子,6克,甘草,6克,丹皮,6克,生地,6克,知母,6克,麦冬,6克,西洋参,3克,五味子,3克
丹皮,9克,丹参,9克,桂枝,9克,茯苓,9克,干姜,9克,何首乌,9克,阿胶,9克,甘草,6克
栀子,1两,防风,1两,良姜,1两,海风藤,1两,威灵仙,1两,牛膝,1两,熟地,1两,桃仁,1两,柴胡,1两,白鲜皮,1两,全蝎,1两,枳壳,1两,白芷,1两,甘草,1两,黄连,1两,细辛,1两,白芍,1两,玄参,1两,猪苓,1两,前胡,1两,麻黄,1两,桔梗,1两,僵蚕,1两,升麻,1两,苦地丁,1两,大黄,1两,川木通,1两,陈皮,1两,川乌,1两,生地,1两,香附,1两,金银花,1两,知母,1两,薄荷,1两,当归,1两,杜仲,1两,白术,1两,泽泻,1两,青皮,1两,黄柏,1两,杏仁,1两,黄芩,1两,穿山甲,1两,蒺藜,1两,天麻,1两,苦参,1两,乌药,1两,川羌,1两,半夏,1两,茵陈蒿,1两,浙贝,1两,五加皮,1两,续断,1两,山药,1两,桑白皮,1两,白芨,1两,苍术,1两,独活,1两,荆芥,1两,芫花,1两,藁本,1两,连翘,1两,远志,1两,草乌,1两,益母草,1两,五倍子,1两,天南星,1两,何首乌,1两,大风子,1两
干姜,1斤,葱白,1斤,韭白,1斤,蒜白,1斤,白凤仙花,None,根,0.5斤,槐枝,0.5斤,柳枝,0.5斤,桑枝,0.5斤,桃枝,0.5斤,侧柏枝,0.5斤,莱菔子,2两,白芥子,2两,山楂子,2两,苏子,2两,艾叶,2两,花椒,2两,石菖蒲,2两,陈香橼,1两,小磨麻油,5斤,樟丹,30两,白术,4两,大黄,2两,苍术,2两,生香附,1两,香附,1两,生灵脂,1两,醋灵脂,1两,生延胡,1两,醋延胡,1两,川芎,1两,白芍,1两,当归,1两,柴胡,1两,薄荷,1两,川羌,1两,独活,1两,防风,1两,白芷,1两,杏仁,1两,神曲,1两,麦芽,1两,陈皮,1两,半夏,1两,浙贝,1两,胆南星,1两,前胡,1两,郁金,1两,乌药,1两,蒲黄,1两,赤苓,1两,泽泻,1两,黄芩,1两,黑山栀,1两,川乌,1两,草乌,1两,桔梗,1两,甘草,1两,枳壳,1两,枳实,1两,瓜蒌,1两,红大戟,1两,皂角,1两,肉桂,1两,槟榔,1两,黄柏,1两,青皮,1两,木香,1两,威灵仙,1两,砂仁,1两,川楝子,1两,赤芍,1两,桃仁,1两,红花,1两,没药,1两,乳香,1两,三棱,1两,莪术,1两,藿香,1两,良姜,1两,小茴香,1两,草果,1两,连翘,1两,僵蚕,1两,全蝎,1两,木鳖子,1两,防己,1两,穿山甲,1两,川木通,1两,车前子,1两,明雄,1两,白矾,1两,降香,1两,益智仁,1两,吴茱萸,1两,黄连,1两,细辛,1两,茵陈蒿,1两,蓖麻子,1两,厚朴,1两,葛根,1两,生巴仁,1两,甘遂,1两,芫花,1两,黑丑,1两,陈壁土,1两,轻粉,1两,葶苈子,1两,肉桂,2两,公丁香,2两
熟地,5钱,当归,3钱,酒炒白芍,1钱5分,川芎,1钱
乳香,2两,元胡,3两,丹皮,2两,白薇,2两,甘草,2两,白术,1两,藁本,2两,白芷,2两,香附,10两,没药,1两,肉桂,1两,赤石脂,4分
熟地,8两,桑寄生,6两,当归,4两,砂仁,4两,党参,6两,益母草,8两,白芍,6两,香附,4两,川芎,6两,吴茱萸,1两7钱,肉桂,1两7钱
香附,420克,艾叶,120克
香附,18两,分作,9份,每份,2两,酒制,1份,醋制,1份,盐水制,1份,童便制,1份,小茴香,2两,煎汁制,1份,益智仁,2两,煎汁制,1份,栀子炒黑,2两,煎汁制,1份,莱菔子,2两,煎汁制,1份,白附子,1两,石菖蒲,1两,共煎制,None,汁俱春浸,None,夏浸,None,秋浸,None,冬浸,None,浸至日足,None,连渣同香附晒干,None,捡出香附,None,再将香附合,None,入砂锅内,None,用蕲艾,5两,无灰陈酒同煮,None,酒干再添,None,再煮,None,须煮至香附黑色为度,None,取起晒干,None,香附末,8两,当归,4两,熟地,4两,生地,4两,白芍,4两,川芎,3两,白术,4两,甘草,9钱,酸枣仁,2两,人参,1两,茯苓,1两,天冬,2两7钱,益母草,4两,山萸肉,2两,真化皮,2两,元胡,1两,阿胶,4两,黄芩,2两,砂仁,1两5钱
当归,64两,木香,16两,元胡,64两,藁本,64两,白薇,64两,赤石脂,64两,黄柏,64两,丹皮,64两,阿胶,64两,黄芪,64两,人参,64两,山药,64两,川芎,64两,白芍,64两,甘草,64两,熟地,64两,没药,64两,白芷,64两,黄芩,64两,砂仁,64两,鹿角,64两,白术,64两,茯苓,64两,血余炭,8两,艾叶,8两,小茴香,8两,青蒿,16两,乳香,16两,杜仲,16两,锁阳,16两,菟丝子,16两,红花,16两,肉桂,16两,续断,16两,苏叶,16两,破故子,16两,松香脂,32两,红鸡冠花,32两,白鸡冠花,32两,陈皮,96两,益母草,240两
白芍,5钱,川芎,5钱,生地,5钱,熟地,5钱,当归,5钱,黄芩,5钱,茯苓,5钱,乌药,5钱,橘红,5钱,阿胶,4钱,苏叶,4钱,砂仁,4钱,香附,4钱,白术,4钱,琥珀,4钱,人参,4钱,木香,1钱,沉香,1钱,川牛膝,2钱,甘草,2钱,益母草,2两
白芍,30克,香附,9克,当归,15克,白术,15克,丹皮,9克,茯苓,9克,天花粉,6克
鹿茸,4两,五灵脂,4两,石柱参,2两,丹参,3两,龟版胶,3两,元胡,3两,鹿角胶,3两,黄芩,3两,阿胶,4两,续断,3两,党参,5两,川芎,4两,炙黄耆,5两,醋制香附,3两,当归,6两,甘草,3两,熟地,10两,广郁金,2两,川贝,6两,春砂仁,2两,菟丝子,6两,白芍,3两,枸杞子,5两,大黄,3两,茯苓,5两,陈皮,4两,白术,5两,上肉桂,1两5钱
当归,None,川芎,None,丹参,None,红花,None,香附,None,青皮,None,益母草,None
熟地,9～21克,当归,6～9克,甘草,3～6克,干姜,3～9克,或加肉桂,3～6克
当归,3克,黄连,3克,栀子,3克,香附,3克,槐花,3克,川芎,3克,白芍,6克,生地,6克,灯心草,30茎
荆芥,2钱,硼砂,5钱,冰片,2分,制没药,1钱,乳香,1钱,胭脂,1钱,黄芩,3钱,元胡,1钱半,薄荷,4分
茯苓,500克,大枣,None,胡桃肉,None,白蜂蜜,3千克,入前三味调匀,None,再用微火熬膏倾入瓷坛内,None,又加南烧酒,10千克,糯米白酒,5千克,绵黄耆,None,人参,None,白术,None,当归,None,川芎,None,白芍,None,生地,None,熟地,None,小茴香,None,覆盆子,None,陈皮,None,沉香,None,木香,None,甘枸杞子,None,肉桂,None,砂仁,None,甘草,None,乳香,None,没药,None,北五味子,None
梅花鹿胎,1具,祁艾,3两,香附,2两,川芎,1两,当归,1两半,白芍,1两,炮姜炭,5钱,红花,3钱,熟地,4两,吴茱萸,5钱,肉桂,5钱,楠,5钱,黄芩,5钱,川牛膝,5钱,元胡,5钱,杜仲,1两,续断,1两,丹皮,5钱,丹参,5钱
鲜鹿胎,1具,人参,1两,白术,1两,茯苓,1两,甘草,1两,当归,1两,川芎,1两,白芍,1两,熟地,1两
鹿胎,1具,鹿茸,1两,党参,4两,琥珀,5钱,藏红花,5钱,柴胡,1两7钱,白芍,3两,益母草,8两,赤石脂,2两,白蔹,2两,川芎,8钱,益智仁,1两5钱,元胡,1两5钱,桂圆肉,3两,薄荷,8钱,鳖甲,3两,香附,3两,牡蛎,2两,当归,3两,桃仁,1两,甘草,2两,菊花炭,2两,川楝子,5钱,乌梅,2两,鹿角霜,4钱,北沙参,4两,沉香,1两,肉桂,1两,东参,1两,黄芪,4两,鸡血藤,1两,蚕茧炭,5钱,白全参,3两
当归,2钱,熟地,2钱,白芍,2钱,川芎,2钱,麻黄,1钱,桂枝,1钱,杏仁,20粒,甘草,1钱
大黄,500克,红花,None,入好酒,400毫升,同煮三五沸,None,去红花不用,None,黑豆,1.2千克,煮取汁,700毫升,苏木,90克,用河水,2.25升,煎取汁,700毫升
吉林人参,12克,白芍,30克,益母草,180克,广木香,15克,熟地,30克,琥珀,15克,香附,30克,黄芩,15克,生地,30克,西砂仁,15克,上沉香,30克,苏叶,15克,当归,30克,阿胶,15克,橘红,30克,川牛膝,12克,白术,30克,甘草,9克,川芎,30克,乌药,30克,茯苓,30克
嫩黄耆,90克,白术,60克,酸枣仁,60克,当归,60克,香附,60克,续断,60克,黄芩,60克,枸杞子,60克,血余炭,60克,阿胶,60克,杜仲,60克,茯苓,45克,白芍,45克,丹参,45克,五味子,18克,甘草,30克,朱砂,30克,生地,120克
元胡,3.5千克,白术,3.5千克,肉桂,3.5千克,川芎白芍,3.5千克,茯苓,3.5千克,没药,3.5千克,丹参,3.5千克,熟地,3.5千克,鹿角霜,3.5千克,吴茱萸,3.5千克,阿胶,3.5千克,藁本,3.5千克,白芷,3.5千克,甘草,3.5千克,赤石脂,3.5千克,白薇,3.5千克,陈皮,7千克,当归,7千克,香附,10.5千克,人参,1千克,益母草,10千克,砂仁,2.5千克,党参,2.25千克
当归,140g,白芍,70g,川芎,70g,熟地,70g,党参,55g,白术,70g,茯苓,70g,甘草,70g,肉桂,70g,益母草,200g,丹皮,70g,没药,70g,元胡,70g,藁本,70g,白芷,70g,黄芩,70g,白薇,70g,香附,150g,砂仁,50g,陈皮,140g,赤石脂,70g,鹿角霜,150g,阿胶,70g
香附,120克,42,120克,干克,120克,生地,120克,生白芍,120克,当归,120克,熟地,120克,川芎,120克,艾炭,60克,白术,120克,益母草,120克,甘草,30克,山萸肉,60克,酸枣仁,60克,茯苓,120克,生阿胶,60克,天冬,60克,砂仁,45克,人参,30克,黄芩,60克,元胡,45克
党参,50g,白术,50g,当归,100g,白芍,50g,川芎,100g,香附,200g,木香,50g,砂仁,50g,小茴香,50g,元胡,50g,杜仲,50g,续断,50g,破故子,50g,鸡冠花,200g,青黛,50g,樗白皮,200g,牡蛎,50g
芹菜,250克,益母草,50克,鸡蛋,2个,油盐,None
熟地,6克,川芎,3克,当归,6克,黄芩,6克,白术,6克,白芍,6克
当归,None,川芎,None,白芍,None,生地,None,丹皮,None,桃仁,None,红花,None,木香,None,元胡,None,香附,None,甘草,None
当归身,120克,熟地,120克,香附,120克,干山药,75克,白术,75克,枸杞子,60克,人参,60克,艾叶,60克,筋,45克,同香附用陈醋,45克,老酒煮一时,45克,川芎,45克,白芍,45克,丹皮,45克,紫石英,45克,泽兰,30克,紫河车,1具
当归,6克,白芍,12克,白术,6克,柴胡,6克,香附,6克,郁金,6克,黄芩,6克,山栀仁,9克,丹皮,6克,甘草,3克
香附,9克,青皮,6克,柴胡,6克,郁金,6克,丹参,12克,川芎,4.5克,红泽兰,12克,元胡,6克,金铃炭,6克
雷丸,20克,郁金,20克,石见穿,20克,百部,15克,麦冬,15克,槟榔,15克,赤芍,15克,桃仁,15克,路路通,15克,桂枝,5克,细辛,5克,丹皮,10克,穿山甲,10克,皂角刺,10克
当归,250g,川芎,250g,白芍,250g,熟地,250g
白芍,9克,当归,9克,熟地,12克,川芎,6克
柴胡,9克,当归,9克,川芎,9克,香附,9克,元胡,9克,桃仁,9克,红花,9克,赤芍,12克,生地,12克,青皮,6克
香附米,500克,酒浸,125克,盐汤浸,125克,童便浸,125克,醋浸,None,三日,None,滤干,None,当归,120克,川芎,120克,熟地,120克,白芍,120克,白术,60克,陈皮,60克,泽兰叶,60克,黄柏,30克,甘草,30克
当归,2两,南芎,1两,白芍,1两5钱,熟地,2两,茯苓,1两,白术,2两,陈皮,1两,黄芩,1两,丹皮,1两,元胡,1两
鱼鳔,2两,丹皮,1两半,白芍,1两,沙菀蒺藜,2两,续断,1两,茯苓,1两半,熟地,4两,黄苓,1两,菟丝子,1两半,山萸肉,2两,杜仲,1两,萆薢,1两,山药,2两,当归,1两,车前子,2两,阿胶,1两5钱,益母草,1两,酒拌,None,饭上蒸过,None,香附米,1两
熟地,2钱,当归,1钱,白芍,8分,丹皮,8分,玄参,8分,麦冬,8分,陈皮,8分,杜仲,8分
鹿茸,5g,淫羊藿,10g,仙茅,10g,续断,10g,桑寄生,10g,菟丝子,15g,枸杞子,10g,覆盆子,10g,山药,30g,莲子,10g,茯苓,15g,黄芪,10g,白芍,15g,酸枣仁,10g,钩藤,10g,丹参,15g,赤芍,15g,鸡血藤,30g
熟地,2钱,当归,1钱,白芍,8分,丹参,8分,吴茱萸,8分,白术,1钱,香附,1钱,川芎,8分
当归,6克,元胡,6克,白术,6克,香附,3克,白芍,3克,生地,3克,川芎,2.4克,陈皮,2.4克,丹皮,2.4克,甘草,1.8克,益母草,9克
当归,1两,陈皮,1两,白芷,1两,牛膝,1两,三棱,1两,莪术,1两,元胡,1两,白术,1两5钱,川芎,1两5钱,枳壳,1两5钱,小茴香,1两5钱,熟地,1两5钱,香附,2两,甘草,5钱
香附,200两,阿胶,100两,熟地,100两,川芎,50两,白术,75两,陈皮,50两,茯苓,50两,当归,75两,白芍,75两,麦冬,50两,半夏,50两,续断,50两,丹皮,50两,元胡,25两,没药,26两,益母草,100两,吴茱萸,25两,小茴香,25两,甘草,15两,黄芩,50两,艾叶,50两
香附,1两,苍术,1两,赤苓,1两,川芎,3钱,乌药,1两,黄柏,3钱,泽兰,1两,丹皮,8钱,当归,8钱
香附,0.5斤,酒,1分,醋浸,1分,杜仲,0.5斤,大川芎,4两,白芍,4两,当归,4两,怀生地,4两,陈皮,4两,小茴香,4两,元胡,4两,肉苁蓉,4两,旧青皮,4两,台乌药,4两,枯黄芩,4两,乌贼鱼骨,4两
熟地,12g,当归身,15g,阿胶,12g,丹参,30g,白芍,18g,柴胡,6g,陈皮,9g,香附,9g,炒杜仲,12g,续断,12g,桑寄生,30g,甘草,3g
当归,9克,怀牛膝,6克,香附,3克,元胡,3克,山楂,4.5克,茯苓,4.5克,陈皮,2克
当归,1钱,川芎,7分,白芍,1钱,熟地,7分,陈皮,8分,白术,1钱,香附,1钱,砂仁,2分,丹参,5分,黄芩,1钱,甘草,4分
当归身,8钱,川芎,4钱,熟地,1两,香附,6钱,白芍,6钱,茯苓,4钱,陈皮,3钱,吴茱萸,3钱,丹皮,3钱,元胡,3钱
当归,12克,吴茱萸,12克,川芎,12克,香附,18克,热地,18克,白芍,9克,茯苓,9克,丹皮,9克,元胡,9克,陈皮,9克
益母草末,10两,月中采上半截白梗,None,肥壮者佳,None,当归身,4两,真川芎,2两,白术,4两,白芍,3两,怀熟地,4两,黄芪,2两,人参,1两,茯苓,2两,砂仁,2两,粉甘草,2两,广木香,1两
当归,75g,白芍,50g,川芎,37.5g,熟地,100g,香附,75g,木香,12.5g,青皮,12.5g,山楂,75g,元胡,50g,干姜,12.5g,肉桂,12.5g,丹参,75g,小胡麻,25g,红花,25g,益母草,300g,五灵脂,50g
乌鸡,640g,鹿角胶,128g,鳖甲,64g,牡蛎,48g,桑螵蛸,48g,人参,128g,黄芪,32g,当归,144g,白芍,128g,香附,128g,天冬,64g,甘草,32g,地黄,256g,熟地,256g,川芎,64g,银柴胡,26g,丹参,128g,山药,128g,芡实,64g,鹿角霜,48g
乌药,90克,大黄,90克,人参,90克,莪术,90克,三棱,90克,黄药子,90克,黄芩,90克,元胡,90克,丹皮,90克,阿胶,90克,蒲黄,90克,香附,90克,乌豆衣,90克,生地,90克,川芎,90克,寄奴,60克,艾叶,60克,白扁豆,60克
柴胡,100g,当归,100g,白芍,100g,白术,100g,茯苓,100g,甘草,80g,薄荷,20g
柴胡,100g,当归,100g,白芍,100g,白术,100g,茯苓,100g,甘草,80g,薄荷,20g
当归,6～9克,白芍,4.5克,熟地,9～15克,酸枣仁,6克,茯神,4.5克,远志,None,陈皮,2.4克,甘草,3克
川芎,6克,阿胶,6克,甘草,6克,艾叶,9克,当归,9克,白芍,12克,生地,18克
白芍,15克,当归,15克,丹皮,15克,栀子,9克,白芥子,6克,柴胡,3克,香附,3克,郁金,3克,黄芩,3克,生甘草,3克
当归,None,元胡,None
元胡,30克,当归,30克,蒲黄,30克,川芎,30克,生干地黄,30克,赤芍,30克,泽兰,30克,莪术,30克,天麻,30克,肉桂,30克,滑石,30克,地榆,15克
当归,6克,白芍,6克,香附,6克,青皮,2.4克,柴胡,2.4克,川芎,2.4克,生地,2.4克,甘草,1.5克
人参,3克,蜜炙白术,3克,茯苓,3克,蜜炙黄芪,3克,熟地,3克,当归,3克,陈皮,3克,白芍,6克,肉桂,1.5克,甘草,1.5克,干姜,3片,大枣,2枚
当归,60克,茯神,60克,枸杞子,60克,川牛膝,60克,杜仲,60克,桂圆肉,60克,核桃肉,60克,葡萄干,60克
鲜益母草汁,10克,鲜生地黄汁,40克,鲜藕汁,40克,生姜汁,2克,蜂蜜,10克,粳米,100克
益母草,30克,鸡蛋,2个
当归,3克,川芎,3克,白芍,3克,熟地,3克,黄芩,3克,陈皮,3克,香附,3克,阿胶,3克,益母草,4.5克,白术,4.5克,玄参,1.2克,蒲黄,1.2克,甘草,1.2克
益母草,500克,生地,90克,当归,90克,白芍,90克,海螵蛸,120克,泽兰叶,120克,香附,None,醋,None,山栀水,120克
杜仲,9克,续断,9克,熟地,9克,当归,6克,白芍,9克,益母草,12克,焦艾,9克,巴戟天,9克,乌药,9克
柴胡,1.5克,升麻,1.5克,甘草,3克,当归身,3克,陈皮,3克,人参,4.5克,神曲,4.5克,黄芪,6克,白术,9克,生黄芩,None
泽兰,6克,柏子仁,4.5克,当归,4.5克,白芍,4.5克,熟地,4.5克,牛膝,4.5克,小胡麻,4.5克
泽兰,14克,香附,14克,续断,14克,红花,2克,当归,12克,柏子仁,12克,赤芍,12克,牛膝,6克,元胡,8克
香附,500克,先以醋同浸一宿,125克,然后分开制之,125克,酒,125克,盐,125克,童便制,125克,阿胶,60克,枳壳,120克,怀生地,120克,熟地,120克,当归身,120克,川芎,120克,白芍,250克
菊花,90克,小茴香,90克,香附,90克,酒浸一宿,90克,熟干地黄,90克,当归,90克,肉桂,90克,牛膝,90克,元胡,90克,白芍,90克,蒲黄,90克,蓬茂,90克
凌霄花,None,肉桂,None,赤芍,None,白芷,None,元胡,None,当归,None,刘寄奴,None,丹皮,None,红花,None
鹿茸,0.0g,仙茅,0.0g,淫羊藿,0.0g,黄芪,0.0g,茯苓,0.0g,丹参,0.0g,赤勺,0.0g
黄芪,15.0g,防己,15.0g,白术,15.0g,川芎,15.0g,何首乌,15.0g,泽泻,30.0g,生山楂,30.0g,丹参,30.0g,茵陈蒿,30.0g,水牛角,30.0g,淫羊藿,10.0g,大黄,9.0g
紫草,25.0g,重楼,50.0g,丹参,50.0g,川芎,15.0g,浮萍草,50.0g,刘寄奴,25.0g,琥珀,10.0g,地龙,10.0g,丹皮,25.0g,土元,10.0g,威灵仙,25.0g
小茴香,5.0g,干姜,5.0g,肉桂,5.0g,元胡,10.0g,没药,10.0g,当归,10.0g,川芎,10.0g,赤芍,10.0g,五灵脂,10.0g,蒲黄,10.0g
当归,30.0g,炙黄芪,30.0g,干姜,3.0g,大枣,10.0g,淫羊藿,15.0g,菟丝子,30.0g
白芷,6.0g,川芎,6.0g,甘草,6.0g,香附,15.0g,元胡,15.0g,益母草,15.0g,广木香,10.0g,当归,10.0g,炒五灵脂,10.0g,白芍,12.0g
甘草,20.0g,炒乳香,20.0g,炒没药,20.0g,赤勺药,30.0g,川芎,30.0g,白竭,30.0g,当归,50.0g,五灵脂,50.0g,砂炒马钱子,100.0g,醋制生川乌,250.0g
熟地,30.0g,当归,12.0g,党参,30.0g,白术,12.0g,陈皮,10.0g,香附,10.0g
丹参,10.0g,丹皮,10.0g,赤芍,10.0g,桃仁,10.0g,红花,10.0g,花蕊石,10.0g,炒蒲黄,10.0g,香附,6.0g,益母草,15.0g,田三七末,3.0g
当归,30.0g,生艾叶,15.0g,红糖,60.0g
当归,12.0g,川芎,6.0g,赤芍,12.0g,红花,9.0g,生蒲黄,9.0g,五灵脂,9.0g,香附,12.0g,制玄胡,15.0g,生山楂,12.0g
党参,15.0g,黄芪,30.0g,当归,10.0g,生地,10.0g,白芍,10.0g,阿胶,10.0g,续断,12.0g,山萸肉,15.0g,桑寄生,10.0g,海螵蛸,15.0g,炒蒲黄,10.0g,荆芥,10.0g
柴胡,10.0g,白芍,15.0g,当归,12.0g,郁金,10.0g,香附,10.0g,丹参,20.0g,甘草,6.0g,枳实,9.0g,荔枝核,15.0g,川芎,10.0g,元胡,12.0g
生地榆,20.0g,仙鹤草,20.0g,益母草,24.0g,茜草,18.0g,白花蛇舌草,20.0g
柴胡,6.0g,当归,12.0g,熟地,12.0g,菟丝子,15.0g,鹿角霜,15.0g,山药,15.0g,杜仲,12合,欢,15.0g,郁金,10.0g,小胡麻,15.0g,白芍,12.0g
五味子,10.0g,菟丝子,10.0g,枸杞子,10.0g,覆盆子,10.0g,车前子,10.0g,蒲黄,10.0g,益母草,10.0g,侧柏叶,15.0g
附子,10.0g,桂枝,10.0g,益母草,30.0g,川牛膝,15.0g,茯苓,15.0g,炒五灵脂,15.0g
丹皮,12.0g,栀子,12.0g,当归,12.0g,白芍,15.0g,柴胡,12.0g,茯苓,15.0g,白术,12.0g,甘草,8.0g,薄荷,8.0g,北沙参,12.0g,淡竹叶,12.0g,生地,12.0g
黄芪,30.0g,牡蛎,30.0g,党参,9.0g,白术,9.0g,海螵蛸,9.0g,龙骨,24.0g,防风,3.0g,乌梅,6.0g,白芍,6.0g,当归,6.0g,青木香,6.0g
熟地,12.0g,当归,9.0g,白芍,9.0g,川芎,6.0g
川芎,6.0g,阿胶,9.0g,甘草,6.0g,艾叶,9.0g,当归,9.0g,白芍,12.0g,生地,15.0g
黄芪,30.0g,牡蛎,30.0g,党参,9.0g,白术,9.0g,海螵蛸,9.0g,龙骨,24.0g,防风,3.0g,乌梅,6.0g,白芍,6.0g,当归,6.0g,青木香,6.0g
香附,0.0g,广郁金,0.0g,丹皮,0.0g,女贞子,0.0g,当归,0.0g,白芍,0.0g
当归,0.0g,紫河车,0.0g,阿胶,0.0g,熟地,0.0g,白芍,0.0g
益母草,30.0g,仙鹤草,30.0g,当归,12.0g,赤勺,12.0g,丹参,15.0g,川芎,8.0g,桃仁,8.0g,蒲黄,9.0g,三七,6.0g,荆芥,6.0g,清炙甘草,5.0g
桃仁,12.0g,红花,12.0g,炙香附,12.0g,川芎,12.0g,鸡血藤,10.0g,泽兰,12.0g,益母草,1.0g,五灵脂,12.0g,橘核,10.0g,乌药,10.0g,元胡,15.0g
杜仲,10.0g,续断,10.0g,巴戟天,10.0g,熟地,10.0g,当归,10.0g,白芍,10.0g,焦艾叶,12.0g,乌药,10.0g,益母草,10.0g
人参,None,鹿胎,None,鹿茸,None,红花,None,川芎,None,丹参,None,丹皮,None,牛膝,None,桃仁,None,三棱,None,元胡,None,沉香,None,香附,None,陈皮,None,砂仁,None,槟榔,None,青皮,None,吴茱萸,None,肉桂,None,附子,None,小茴香,None,莪术,None,白术,None,白芍,None,干漆,None,泽泻,None,茯苓,None,蒲黄,None,棕榈,None,银柴胡,None,木香,None,厚朴,None,荆芥,None,干姜,None,海螵蛸,None,紫豆蔻,None,杜仲,None,乳鹿,None,甘草,None,当归,None,阿胶,None,龟申,None,鳖甲,None,熟地,None,赤芍,None
滇鸡血藤膏粉,218.75g,川牛膝,59.5g,续断,53.0g,红花,5.0g,黑豆,12.5g,糯米,437.5g,饴糖,300.0g
马鞭草,30.0g,黄芩,10.0g,丹参,10.0g,赤芍,10.0g,花蕊石,20.0g,仙鹤草,20.0g,生茜草,20.0g
黄芪,30.0g,益母草,20.0g,紫草,20.0g,蒲黄,10.0g,川芎,6.0g,干姜,6.0g,枳实,6.0g
柴胡,6.0g,当归,6.0g,郁金,9.0g,橘核,9.0g,山慈姑,9.0g,香附,9.0g,漏芦,9.0g,夏枯草,12.0g,茜草,12.0g,赤芍,15.0g,丝瓜络,4.5g,甘草,3.0g
柴胡,10.0g,当归,10.0g,白芍,10.0g,白术,10.0g,青皮,10.0g,川芎,10.0g,云茯苓,10.0g,郁金,20.0g,香附,15.0g,丹参,15.0g
当归,0.0g,白芍,0.0g,茯苓,0.0g,白术,0.0g,橘核,0.0g,陈皮,0.0g,香附,0.0g,柴胡,0.0g,莪术,0.0g,王不留行,0.0g,元胡,0.0g,甘草,0.0g
巴戟天,12.0g,山萸肉,12.0g,熟地,12.0g,菟丝子,12.0g,黄精,12.0g,枸杞子,12.0g,仙茅,12.0g,淫羊藿,12.0g,当归,12.0g
柴胡,10.0g,白芍,10.0g,枳壳,10.0g,车前子,10.0g,麦芽,60.0g,牛膝,15.0g,甘草,5.0g
当归,0.0g,川芎,0.0g,桃仁,0.0g,红花,0.0g,艾叶,0.0g,元胡,0.0g,山楂,0.0g,益母草,0.0g,生地,0.0g,熟地,0.0g,白芍,0.0g,党参,0.0g,丹参,0.0g,香附,0.0g,沉香,0.0g,鸡血藤,0.0g,茯苓,0.0g,甘草,0.0g
苍术,15.0g,黄柏,12.0g,薏苡仁,20.0g,茯苓,12.0g,藿香,20.0g,充蔚子,12.0g,红花,10.0g,川芎,15.0g,莪术,12.0g,益母草,20.0g,香附,12.0g,蒲黄,12.0g
桑白皮,30.0g,黄芩,12.0g,杏仁,12.0g,麦冬,15.0g,丹参,15.0g,通草,10.0g,栀子,12.0g,知母,12.0g,益母草,20.0g,小胡麻,12.0g,茵陈蒿,15.0g,薏苡仁,20.0g,车前草,20.0g,甘草,6.0g
当归,20.0g,白芍,15.0g,生地,20.0g,川芎,15.0g,阿胶,10.0g,桃仁,12.0g,蒲黄,12.0g,益母草,20.0g,党参,30.0g,白术,15.0g,砂仁,10.0g,酸枣仁,30.0g,甘草,10.0g
鳖甲,15.0g,龟板,15.0g,生地,18.0g,麦冬,15.0g,白芍,15.0g,旱莲草,20.0g,女贞子,15.0g,地骨皮,15.0g,丹皮,12.0g,益母草,20.0g,桃仁,12.0g,小胡麻,12.0g
黄连,10.0g,黄芩,12.0g,半夏,15.0g,干姜,6.0g,党参,30.0g,陈皮,10.0g,木香,15.0g,枳实,12.0g,槟榔,15.0g,柴胡,12.0g,白芍,15.0g,甘草,6.0g,建曲,15.0g
阿胶,10.0g,当归,18.0g,川芎,15.0g,白芍,15.0g,生地,18.0g,益母草,20.0g,蒲黄,12.0g,桂枝,12.0g,大枣,12.0g,干姜,3片,白头翁,30.0g,黄连,10.0g,甘草,10.0g
当归,20.0g,白芍,18.0g,熟地,20.0g,川芎,18.0g,桂枝,15.0g,益母草,30.0g,蒲黄,15.0g,五灵脂,12.0g,桃仁,15.0g,红花,12.0g,香附,15.0g,附片,15.0g,甘草,10.0g
当归,18.0g,白芍,18.0g,熟地,18.0g,川芎,15.0g,阿胶,10.0g,艾叶炭,10.0g,蒲黄,12.0g,五灵脂,12.0g,香附,15.0g,仙鹤草,20.0g,党参,30.0g,甘草,10.0g
丹皮,12.0g,栀子,12.0g,生地,24.0g,白芍,15.0g,川芎,15.0g,益母草,15.0g,槲寄生,30.0g,柴胡,12.0g,枳壳,12.0g,蒲黄,15.0g,元胡,15.0g,川楝子,15.0g,甘草,6.0g
生地,2.0g,白芍,2.0g,川芎,1.0g,当归,2.0g,丹皮,1.0g,栀子,1.5g,香附,1.0g,元胡,1.5g,蒲黄,1.5g,益母草,2.0g,甘草,1.0g
当归,1.5g,丹皮,1.5g,车前子,2.0g,五灵脂,1.0g
生地,2.0g,白芍,2.0g,川芎,1.5g,丹皮,1.5g,栀子,1.5g,元胡,1.5g,乳香,1.0g,蒲黄,1.5g,香附,1.5g,乌药,1.0g,甘草,1.0g
柴胡,1.0g,白芍,1.5g,枳壳,1.5g,栀子,1.0g,丹皮,1.5g,地骨皮,1.5g,牡蛎,2.0g,酸枣仁,2.0g,合欢皮,1.5g,元胡,1.5g,川楝子,1.5g,蒲公英,2.0g
当归,1.5g,白芍,1.5g,生地,1.5g,阿胶,1.0g,蒲黄,1.5g,三七,0.5g,元胡,1.5g,丹皮,1.0g,益母草,1.5g,香附,1.5g,海螵蛸,None,甘草,1.0g
桂枝,1.5g,茯苓,2.0g,赤芍,1.5g,桃仁,1.5g,当归,1.5g,香附,1.5g,蒲公英,2.0g,薏苡仁,2.0g,青皮,1.5g,蒲黄,2.0g,阿胶,1.0g,仙鹤草,2.0g,大黄,1.5g
当归,2.0g,白芍,2.0g,丹皮,1.5g,泽兰,1.5g,元胡,1.5g,蒲黄,1.5g,柴胡,1.0g,枳壳,1.5g,川楝子,1.5g,麦芽,2.0g,陈皮,1.5g,紫苏,1.5g,甘草,0.5g
茯苓,1.5g,赤芍,1.5g,当归,2.0g,香附,1.5g,蒲公英,2.0g,薏苡仁,2.0g,红花,1.0g,元胡,1.5g,益母草,2.0g,半夏,2.0g,陈皮,1.5g,木香,1.5g
当归,2.0g,白芍,1.5g,熟地,2.0g,川芎,1.5g,桂枝,1.5g,蒲黄,1.5g,益母草,2.0g,三七,1.0g,大枣,1.5g,干姜,1.0g,党参,2.0g
当归,2.0g,川芎,2.0g,白芍,2.0g,生地,2.0g,桃仁,1.5g,红花,1.0g,蒲黄,1.5g,益母草,3.0g,防风,1.5g,元胡,1.5g,黄柏,1.0g,甘草,1.0g
当归,2.0g,生地,2.0g,川芎,1.5g,白芍,1.5g,桃仁,1.5g,红花,1.0g,柴胡,1.5g,枳壳,1.5g,益母草,3.0g,蒲黄,1.5g,薏苡仁,2.0g,车前子,2.0g
虎头骨,2两,朱砂,0.5两,恒山,1两,甘草,1两,牡蛎,2两,肉桂,1两,知母,2两,淡豆豉,1合,乌梅,2两,附子,1两,枳壳,0.5两,木香,1两,大黄,2两,桃仁,30枚,尖双仁,None
疥虾蟆,1个,酒浸,None,木香,1分,胡连,0.5两,木鳖子,0.5两,沉香,1分,公丁香,None,干姜,1钱,巴豆,21枚,去心膜并油,None,并纸裹,None,用重物去油,None
陈皮,None,木香,None,青皮,None,枳壳,None,甘草,None,茯苓,None,山楂肉,None
附子,15～30克,干姜,150克,狗肉,500～1000克,蒜头,None,花生油,None
柴胡,12.0g,枳壳,10.0g,白芍,20.0g,陈皮,10.0g,川芎,10.0g,乌梅,12.0g,甘草,3.0g
生地黄汁,2升,生姜汁,1升,枸杞根汁,3升,荆沥,5升,竹沥,5升,人参,8两,天冬,8两,茯苓,6两,栀子仁,4两,大黄,4两
鲤鱼肉,300克,葱白,1握,麻子,15克
白术,1两,人参,3分,当归,1两,木香,0.5两,陈皮,1两
柳树枝,10.0g,桑枝,10.0g,槐树枝,10.0g,榆树枝,10.0g,桃树枝,10.0g,乳香,10.0g,制没药,10.0g,樟丹,60.0g,香油,120.0g
玄参,2两,麦冬,1两,锦地罗,1两,生甘草,1两,桔梗,5钱,川贝,5钱
天麻,1两,独活,1两,麻黄,0.5两,乌头,2两,芎?,3分,干蝎,0.5两,当归,0.5两
车前子,1两,人参,1两,草决明,1两,黄连,1两,黄芩,1两,大黄,1两,细辛,1两,甘草,0.5两
番砂,1钱,白丁香,1钱,轻粉,1钱,乳香,1钱,蜈蚣,1钱,血竭,2钱,麝香,2钱,金顶砒,6分
生地,None,当归,None,荆芥,None,防风,None,薄荷,None,菊花,None,密蒙花,None,木贼,None,蒺藜,None,蝉蜕,None,紫草茸,None,甘草,None,灯心草,None,姜,None
黄芪,3克,苍术,3克,升麻,3克,人参,15克,泽泻,15克,神曲,15克,陈皮,15克,白术,15克,麦冬,0.9克,当归身,0.9克,甘草,0.9克,青皮,0.9克,黄柏,None,葛根,0.6克,五味子,9枚
活鲤鱼,250.0g,赤小豆,200.0g,花生米,1502枚,大蒜,1头,茶叶一小撮,None
薤白,None,青皮,None,生地,1.5g,益母草,2.0g
银,5两,石膏,2两,寒水石,2两,蚕蛹茧,2两
豹骨,4两,木瓜,6两,黄芪,8两,白芍,8两,黄柏,8两,当归,8两,山药,4两,锁阳,4两,枸杞子,4两,龟板,4两,菟丝子,4两,破故子,6两,杜仲,6两,五味子,6两,川牛膝,1斤,熟地,2斤
桑枝,3.0g,秦艽,2.0g,川芎,3.0g,白芍,2.0g,生地,3.0g,老鹳草,3.0g,络石藤,3.0g,川乌,1.0g,甘草,1.0g
蔓菁花,None,日[扌采],None
柴胡,9.0g,大黄,9.0g,乌梅,9.0g,川楝子,9.0g,车前子,9.0g,黄芩,12.0g,枳实,10.0g,花椒,6.0g,槟榔,30.0g,苦楝皮,30.0g,白芍,15.0g,使君子,15.0g
川羌,None,石膏,None,知母,None,玄参,None,山豆根,None,紫草,None,红花,None,当归,None,丹皮,None,犀角,None,大黄,None,地龙,None
柴胡,10.0g,黄芩,10.0g,法夏,10.0g,党参,10.0g,身杆,10.0g,地龙,10.0g,乌梅,10.0g,苍耳子,10.0g,辛夷花,10.0g,干姜,6.0g,甘草,6.0g,大枣,3枚
泽泻,20.0g,白术,15.0g,制半夏,15.0g,干姜,10.0g,茯苓,15.0g,天麻,10.0g,川芎,5.0g,龙骨,30.0g
地榆,30.0g,紫草,60.0g,黄连,20.0g,黄柏,20.0g,白芷,30.0g,金银花,20.0g,大黄,20.0g
琥珀,1两,芫花,3分,黄柏,3分,当归,3分,干漆,1两,肉桂,3分,大黄,1两
连翘,21～24克,当归,9克,甘草,3克,金银花,None,红藤,None
冰片,50g,硼砂,500g,朱砂,60g,玄明粉,500g
熟地,3克,当归,3克,白芍,3克,川芎,3克,藁本,2.1克,前胡,2.1克,防风,2.1克
附子,1两,川乌头,1两,乌梢蛇,2两,干蝎,1两,天麻,1两,天南星,1两,白附子,1两,防风,1两,僵蚕,1两,蝉蜕,1两,麻黄,1两,藿香,1两
胡桐泪,1两,朱砂,0.5两,麝香,1分
天花粉,60克,山药,60克,生黄耆,24克,生地,30克,钩藤,18克,玉竹,18克,杜仲,12克,泽泻,12克,五味子,3克
泽兰,None,秦艽,None,川羌,None,独活,None,香附,None,当归,None,苏木,None,木瓜,None,续断,None,五加皮,None,乌药,None,荆芥,None,红花,None,杜仲,None,枳壳,None,甘草,None
大枣,1个,巴豆,3个
苍术,18.0g,厚朴,15.0g,陈皮,12.0g,藿香,30.0g,紫苏,20.0g,半夏,15.0g,白豆蔻,10.0g,石菖蒲,6.0g,木香,12.0g,大腹皮,15.0g,沉香,10.0g,青皮,12.0g
枸杞子,0.0g,菊花,0.0g,山萸肉,0.0g,山药肉,0.0g,丹皮,0.0g,泽泻,0.0g,熟地,0.0g,茯苓,0.0g
木防己,20.0g,石膏,30.0g,金银花,30.0g,桂枝,12.0g,薏苡仁,12.0g,苍术,12.0g,杏仁,15.0g,滑石,15.0g,紫菀,15.0g,黄柏,10.0g,通草,10.0g,麻黄,5.0g
苍术,None,紫苏,None,防风,None,赤苓,None,淡豆豉,None,藿香,None,陈皮,None,厚朴,None,甘草,None
苍术,1钱,白术,1钱,陈皮,8分,厚朴,7分,枳壳,1钱,白芍,1钱,木香,5分,槟榔,1钱
白芷,30.0g,川芎,13.0g,川乌,13.0g,甘草,13.0g
枸杞子,30.0g,覆盆子,30.0g,五味子,30.0g,车前子,30.0g,川木通,24.0g,枳壳,6.0g,大黄,6.0g
瞿麦,1两,滑石,1两,防风,1两,冬葵子,1两,川木通,1两,夏枯草,1两,生干地黄,1两,甘草,0.5两
黄芪,30克,杜蒺藜,30克,川楝子,30克,小茴香,30克,川乌,30克,赤小豆,30克,地龙,30克,防风,30克,乌药,60克
地骨皮,1两,茯神,3分,天花粉,1两,黄连,1两,石膏,2两,甘草,0.5两,麦冬,1两,黄芩,1两,远志,3分
当归,5钱,白芍,5钱,柴胡,2钱,川羌,2钱,半夏,2钱,白芥子,2钱,陈皮,1钱,秦艽,2钱,附子,3分
黄芩,5钱,朴消,5钱,葛根,1两
柴胡,12.0g,白芍,20.0g,枳壳,12.0g,半夏,15.0g,陈皮,12.0g,龙胆草,12.0g,黄芩,12.0g,干姜,5.0g,郁金,12.0g,川楝子,15.0g,元胡,15.0g,槟榔,15.0g,地榆,12.0g,建典,15.0g,甘草,6.0g
土茯苓,15克,当归,4.5克,白芷,4.5克,皂角刺,4.5克,薏苡仁,4.5克,白鲜皮,3克,木瓜,3克,金银花,3克,川木通,3克,甘草,1.5克
黄连,1.5g,黄芩,1.5g,半夏,1.5g,陈皮,1.5g,茯苓,1.5g,泽泻,1.5g,薏苡仁,2.0g,白术,1.5g,麦冬,1.5g,黄芪,2.0g
麦冬,1.5g,黄芩,1.5g,芦根,2.0g,蝉蜕,1.5g
夜明沙,None,木贼,None,防风,None,田螺壳,None,青木香,None,细辛,None
赤苓,1两半,人参,1分,甘草,0.5两
苁蓉,5分,山药,5分,远志,4分,蛇床子,6分,菟丝子,6分,五味子,7分,山萸肉,7分,天雄,8分,巴戟天,10分
舶上茴香,1两,芦巴子,1两,破故子,1两,白龙骨,1两,木香,1两半,胡桃肉,3-7个,羊石子,3对,炙熟,None
都惏藤,None,黄藤,None,虎口长,3寸
金银花,30.0g,连翘,20.0g,荆芥,15.0g,薄荷,12.0g,桔梗,15.0g,前胡,15.0g,杏仁,15.0g,黄芩,15.0g,芦根,30.0g,瓜蒌,15.0g,半夏,12.0g,桑白皮,30.0g,大黄,10.0g
婴粟壳,3.0g,乌梅,3.0g,法夏,3.0g,山药,3.0g
乳香,3两,没药,3两,木香,4两,厚朴,6两,大黄,6两
车前草,30.0g,金钱草,30.0g,威灵仙,30.0g,凤尾草,30.0g,灯芯草,6.0g,通草,18.0g
白葵花,3克,甘草,3克,郁李仁,3克,柴胡,3克,干姜,6克,人参,6克,生黄芩,3克,陈皮,1.5克
三棱,9.0g,莪术,9.0g,红花,15.0g,陈皮,15.0g,大黄,30.0g
生地,12克,白芍,3克,丹皮,4.5克,麦冬,4.5克,石斛,6克,天麻,2.4克,菊花,6克,石决明,24克,柴胡,2.4克,桑叶,3克,薄荷,3克,磁石,15克
当归,320两,黄精,320两
鹿角,10斤,用淫羊藿,1斤,当归,4两,蜂蜡,2两,如法熬,None,去滓成胶,None,取鹿角胶,1斤,角焙燥,None,天冬,4两,麦冬,4两,黄柏,3两,知母,3两,虎胫骨,3两,龟板,3两,枸杞子,4两,干山药,4两,肉苁蓉,None,去浮甲,None,白膜,4两,茯苓,4两,山萸肉,4两,破故子,4两,生地,4两,当归,4两,菟丝子,None,捣成饼,6两,熟地,6两,白芍,3两,牛膝,3两,杜仲,3两,人参,3两,白术,3两,五味子,1两,酸枣仁,1两,远志,2两,甘草,2两,砂仁,1两
赤苓,None,冬葵子,None
雄鸡屎,1两,川芎,1两
栀子,9.0g,黄柏,9.0g,甘草,6.0g
干姜,1两,巴豆,2两,大黄,2两
柴胡,None,黄芩,None,人参,None,半夏,None,陈皮,None,茯苓,None,草果,None,甘草,None
黄芪,30.0g,党参,30.0g,五味子,15.0g,破故子,15.0g,白术,15.0g,麦冬,20.0g,当归,12.0g,茯苓,12.0g,陈皮,12.0g,半夏,12.0g
柴胡,None,黄芩,None,半夏,None,甘草,None,当归,None,川芎,None,白芍,None,熟地,None,元胡,None,木香,None,麦冬,None,杏仁,None
冬葵子,1两,滑石,3分,黄芩,2分,瞿麦,3分,灯心草,1分,白石英粉,1两,防葵,0.5两,甘草,1分
川芎,3钱,当归,6钱,干姜,4分,桃仁,10粒,甘草,5分,荆芥,5分
黄芪,12克,薏苡仁,12克,党参,10克,获苓,10克,血余炭,10克,赤石脂,10克,白芍,10克,白术炭,6克,陈皮,6克,柴胡,6克,厚朴,6克,黄连,6克
当归,15.0g,川芎,10.0g,川楝子,10.0g,元胡,15.0g,五灵脂,10.0g,生白芍,30.0g,乌药,10.0g,小茴香,6.0g,丹参,15.0g,琥珀,1.0g,甘草,5.0g
茯苓,0.0g,桂枝,0.0g,白术,0.0g,甘草,0.0g
五倍子,100.0g,诃子,100.0g,白矾,100.0g,白芨,100.0g,麻黄,100.0g,细辛,50.0g
人参,None,黄芪,None,熟地,None,当归,None,川芎,None,白术,None,白芍,None,木香,None,肉桂,None,甘草,None,茯苓,None,青皮,None
泽泻,1钱半,枳壳,1钱半,黑丑,2钱,槟榔,1钱半,赤芍,1钱半,川木通,1钱半,赤苓,3钱,猪苓,1钱半,陈皮,1钱半
木香,12.0g,砂仁,10.0g,陈皮,None,半夏,15.0g,党参,30.0g,白术,15.0g,黄连,10.0g,枳壳,12.0g,白芍,15.0g,柴胡,10.0g,麦芽,20.0g,甘草,6.0g
砂仁,120克,乌梅,120克,草果,120克,甘草,120克,葛根,60克,白扁豆,60克
玄参,30克,甘菊花,15克,麦冬,15克,升麻,9克,羚羊粉,4.5克,生地,15克,荆芥,9克
白胶香,5钱,沥青,None,蜂蜡,3钱,小油,3钱,没药,2钱,乳香,2钱半
基黄,30.0g,板蓝根,15.0g,北楂肉,15.0g,秦艽,10.0g,碧玉散,10.0g
蛇床子,15.0g,地骨皮,9.0g,花椒,6.0g,白矾,6.0g,苦参,9.0g
高良姜,5两,厚朴,None,姜汁涂,2两,当归,3两,肉桂,3两
附子,None,人参,None,白术,None,干姜,None,甘草,None,吴茱萸,None,肉桂,None,当归,None,陈皮,None,厚朴,None
冰硼散,3支,六一散,30克
冰片,1钱,天南星,1两,朱砂,1两,坯子染胭脂,1两,天竹黄末,1两
鼠妇虫,7合,淡豆豉,7合,巴豆,3枚
芜荑,None,芦荟,None,青黛,None,川芎,None,白芷梢,None,胡连,None,黄连,None,虾蟆灰,None
白术,0.5两,人参,0.5两,厚朴,3分,黄连,0.5两,当归,0.5两,地榆,0.5两,木香,0.5两,榉树皮,0.5两,甘草,0.5两
白术,None,白芍,None,茯苓,None,当归,None,薏苡仁,None,白扁豆,None,神曲,None,陈皮,None,甘草,None
金银花,30.0g,连翘,20.0g,杏仁,12.0g,芦根,30.0g,前胡,20.0g,桔梗,12.0g,百部,12.0g,紫菀,12.0g,荆芥,10.0g,薄荷,10.0g,黄芩,12.0g,僵蚕,12.0g,甘草,6.0g
芦荟,0.5两,人参,0.5两,柏子仁,1两,羚羊粉,2两,细辛,1两,甘草,1分,牛胆,1分
地骨皮,3分,黄芪,3分,甘草,0.5两,麦冬,0.5两,肉桂,0.5两,粳米,1两
柽柳花,None,无叶用枝,None,蛤壳,None,当归,None,甘草,None
当归尾,2.0g,赤芍,2.0g,川芎,1.5g,生地,2.0g,桃仁,1.5g,红花,1.0g,柴胡,1.0g,枳壳,1.5g,大黄,1.0g,黄芪,2.0g
肉桂,3两,干姜,1两半
生地,1两,大黄,1两,黄连,1两,黄芩,1两,柴胡,1两,白芍,1两,甘草,1两
鸡苏茎叶,1两,赤苓,1两,甘草,0.5两,半夏,1两,桔梗,1两,生干地黄,2两,黄芪,1两,麦冬,1两半
牛黄,0.5两,冰片,0.5两,干蝎,0.5两,僵蚕,0.5两,白附子,0.5两,雄黄,1两,朱砂,2两,天麻,1两,甘草,1两,半夏,None,琥珀,3分,麝香,1分,天南星,None,乌梢蛇,None
葱白,1握,附子,1个,白术,5钱,干姜,5钱,木香,2钱
生地,120克,丹参,60克,黄柏,15克,牡蛎,45克,山药,45克,酸枣仁,45克,茯苓,45克,茯神,45克,麦冬,45克,五味子,30克,车前子,30克,远志,30克
桃南瓜,None,195,None,500,None,冰糖,270.0g,蜂蜜,30.0g
人参,6克,熟地,9克,当归,6～9克,白术,4.5克,甘草,3克
铅粉,1.5千克,鹤虱,1.5千克,槟榔,1.5千克,苦楝根,1.5千克,白矾,375克
蒲黄,None,青黛,None,硇砂,None,焰消,None,甘草,None
柳木耳,30克,龙葵根,30克,黄连,22克,麦饭石,22克,雄雀粪,15克,乳香,30克,杏仁,30克,无孔者,None
露蜂房,None,窠,None,蛇蜕,1条
黄芪,1两半,白蔹,1两,赤芍,1两,芎?,1两,赤小豆,1两,附子,0.5两,羊桃根,0.5两,闾茹,0.5两,紫参,0.5两
草乌,5钱,川乌,5钱,淮乌,5钱,烧盐,5钱,半夏,3钱,全蝎,3钱,白芷,3钱,天南星,1钱5分,细辛,1钱5分,花椒,21粒
百合,30.0g,丹参,30.0g,蒲公英,30.0g,乌药,9.0g,檀香,9.0g,砂仁,6.0g,大黄,6.0g,良姜,10.0g,香附,15.0g,柴胡,15.0g,三七粉,2.0g,冲服,None
黄连,1.5g,半夏,1.5g,陈皮,1.5g,茯苓,2.0g,甘草,0.5g,干姜,1.0g,竹茹,2.0g,枳实,1.5g,龙骨,2.0g,明沙参,2.0g,五味子,1.0g,麦冬,1.5g
钱氏异功散,1两,加青皮,1钱,砂仁,1钱,使君子肉,1钱
生地,30.0g,山萸肉,12.0g,石斛,15.0g,麦冬,15.0g,五味子,6石,石菖蒲,10.0g,远志,6.0g,茯苓,15.0g,肉苁蓉,15.0g,桂枝,9.0g,淡附片,6.0g,巴戟天,15.0g
地龙,20.0g,虎杖,30.0g,丹参,20.0g,黄连,30.0g,黄柏,30.0g,紫草,30.0g,冰片,5.0g
乳香,1.0g,没药,1.0g
蒺藜,2两,川贝,2两
地骨白皮,0.5斤,白杨皮,0.5两,盐,1两,白矾末,1两
金银花,30.0g,炒大黄,15.0g,丹参,20.0g,当归,2.0g,红花,20.0g,茯苓,15.0g,黄柏,15.0g,香附,12.0g,牛膝,15.0g
炉甘石,250克,于银石器内煮一伏时,None,去黄连,None
白术,None,附子,None,干姜,None,肉桂,None,赤石脂,1两
熟地,24.0g,山萸肉,12.0g,山药,12.0g,枸杞子,12.0g,怀牛膝,12.0g,龟版胶,12.0g,菟丝子,12.0g,保首乌,15.0g,丹参,15.0g
当归,3分,阿胶,3分,蒲黄,3分,熟干地黄,3分,龙骨,0.5两,芎?,0.5两,水牛角,0.5两
公鸡,1只,用,None,腿骨共,6节,烧灰存性,None
黄芪,30.0g,桂枝,15.0g,当归,15.0g,地龙,15.0g,牛膝,15.0g,鸡血藤,15.0g,川芎,10.0g,丹参,10.0g,桃仁,10.0g,甘草,3.0g
人参,None,苏叶,None,葛根,None,桔梗,None,北柴胡,None,黄芩,None,陈皮,None,甘草,None
鲮鲤甲,90克,肉桂,30克,当归,30克,面,10克,附子,30克,生姜汁,None,生地黄汁,None
金银花,15.0g,连翘,15.0g,蒲公英,15.0g,生地,6.0g,栀子,9.0g,滑石,15.0g,扁蓄,15.0g,瞿麦,15.0g,川木通,9.0g,车前子,9.0g,大黄,6.0g,竹叶,6.0g
吴茱萸,30克,陈皮,30克,苍术,30克,黄连,30克,黄芩,30克,桔梗,30克,茯苓,30克,半夏,30克
麻黄,10.0g,杏仁,9.0g,炙桑白皮,12.0g,防风,15.0g,白果,12.0g,全瓜萎,10.0g,旋覆花,10.0g,地龙,30.0g,制僵蚕,15.0g,全蝎,15.0g
丹参,25.0g,丹皮,15.0g,桑白皮,15.0g,荆芥,15.0g,白鲜皮,15.0g,蒺藜,15双,连翘,15.0g,白芷,15.0g,防风,10.0g,蝉蜕,10.0g,生地,10.0g,僵蚕,10.0g,全蝎,5.0g,蜈蚣,1条
人参,None,甘草,None,茯苓,None,白术,None,陈皮,None,半夏,None
牛膝,30.0g,代赭石,30.0g,龟板,15.0g,天冬,15.0g,生白芍,15.0g,龙骨,15.0g,牡蛎,15.0g,玄参,15.0g,茵陈蒿,6.0g,川楝子,6.0g,麦芽,6.0g,生甘草,6.0g
火麻仁,9克,松子仁,9克,小枳实,4.5克,大腹皮,6克,杏仁,9克,生川军,3克,油木香,1.5克,猪胰,3克
生地黄汁,3合,干姜,1两,粳米,3合
射干,30克,川升麻,30克,枳实,30克,大黄,30克,甘草,45克,麝香,7.5克,前胡,45克,羚羊角屑,22克
党参,30升,甘草,6.0g
麦冬,1钱,天冬,1钱,远志,1钱,当归,1钱,白芍,1钱,生地,1钱,人参,1钱,黄芪,1钱,丹皮,1钱,阿胶,1钱,甘草,1钱
葛根,0.0g,全蝎,10.0g,蜈蚣,2.0g,乌梢蛇,13.0g,赤芍,13.0g,川芎,13.0g,自然铜,13.0g,穿山龙,13.0g,木瓜,13.0g,鹿衔草,30.0g,黑木耳,10.0g,甘草,6.0g
诃黎勒皮,1两半,熟干地黄,1两,附子,3分,甘草,0.5两,肉桂,3分,黄芪,3分,紫菀,3分,五味子,3分,木香,3分,人参,3分,桃仁,3分,尖双仁,None,当归,3分
薄荷,1两,藿香叶,1两,芥穗,1两,甘松,1两,白芷,1两,防风,1两,川芎,1两,桔梗,1两,僵蚕,1两,甘草,1两,藁本,1两,细辛,0.5两
鸡内金,1具,黄芪,0.5两,桑螵蛸,3分,牡蛎,0.5两,甘草,1分
白头翁,30.0g,黄柏,15.0g,黄连,12.0g,秦皮,15.0g,蒲公英,30.0g,白芍,20.0g,麦冬,15.0g,生地,15.0g,煨木香,15.0g,元胡,15.0g,大黄,10.0g,当归,15.0g,生甘草,6.0g
栀子,10g,黄柏,10g,甘松,10g,白矾,10g,甘草,10g,茵陈蒿,30g,苍术,20g,黑矾,20g
千里光,None,把,None,苍术苗,None,中把,None,朝东墙头草,None,小把,None
柴胡,36克,草龙胆,30克,土瓜根,30克,黄芩,21克,当归梢,15克,生黄芩,15克,广茂,15克,三棱,15克,连翘,15克,白芍,15克,甘草,9克,黄连,6克,苍术,6克
桑叶,24.0g,菊花,15.0g,薄荷,12.0g,荆芥,12.0g,蝉蜕,12.0g,桔梗,12.0g,杏仁,12.0g,前胡,15.0g,连翘,15.0g,芦根,30.0g,化橘红,10.0g,甘草,6.0g
石膏,7.5克,牡蛎,15克,滑石,7.5克
蚕蜕纸,None,棕榈,None
多年燕子窝,None,皂角,30梃,熟地,1两,当归,1两,淫羊藿,1两半,硼砂,2两,生地,2两半,细辛,1两半,白盐,0.5斤,木鳖子,18个,川楝子,1两,大青盐,2两,威灵仙,1两,白芷,1两,藿香叶,1两,酸榴皮,1两,川百药煎,1两半,黑牵牛,1两,川芎,1两,核桃仁,18个,酒醋,3升
石膏,100.0g,麻黄,3.0g,桂枝,6.0g,炙川军,5.0g
柴胡,1两,白芍,1两,黄芩,1两,枳壳,1两,人参,1两,当归,1两,半夏,0.5两
蛤壳,10两,二百两,10两,牙硝,10两,朱砂,10两,人参二十,5两,雄黄,200片,七十,5两,冰片,4两,甘草五,10两,金箔,200片,银箔,200片,牛黄,2两
阿胶,1两半,赤芍,1两,当归,1两,柴胡,1两,麦冬,1两半,黄芩,1两,茯苓,1两,白术,1两,甘草,0.5两
丹皮,10.0g,黛蛤散,10.0g,桑白皮,10.0g,地骨皮,10.0g,葶苈子,10.0g,炒山栀,6.0g,百部,6.0g,生甘草,3.0g
金钱草,250g,茵陈蒿,250g,黄芩,75g,木香,75g,郁金,75g,大黄,125g,槟榔,125g,枳实,50g,芒硝,25g,厚朴,50g
莪术,10.0g,硼酸,25.0g,陈石灰,14.0g
当归,3钱,罂粟壳,3钱,甘草,3钱,地榆,3钱,川木通,3钱,乌梅,3钱,陈皮,3钱,诃子,3钱,木香,3钱
连翘,None,荆芥,None,防风,None,甘草,None
白术,3分,陈皮,1两,人参,3分,麦糵,1两,附子,1两,川芎,3分,肉桂,3分,厚朴,1两半,诃子,1两
安息香,2两,附子,2两,虎胫骨,2两
何首乌,12.0g,木瓜,12.0g,钩藤,9.0g,麦芽,9.0g,海螵蛸,15.0g,桂枝,3.0g
白矾,15克,相和,15克,于砂锅内,15克,密陀僧,15克,白垩,6克,樟丹,3克,轻粉,3克,乳香,1.5克,麝香,None
罂粟花,15朵,麻油,120克,蜂蜡,9克,轻粉,6克
白英,5两,白蔹,3两,紫草,2两,芒消,2两,大黄,2两,茵陈蒿,1两,葶苈子,1两,厚朴,1两,枳壳,1两
乳香,10.3g,钟乳石,13.75g,血竭,7.8g,蛇床子,44.0g,硇砂,10.94g,硼砂,1.25g,儿茶,11.25g,樟丹,42.2g,没药,0.94g,雄黄,13.75g,麝香,1.25g,白矾,609.4g
龙胆草,1.5g,黄柏,1.0g,胆南星,1.5g,鱼腥草,2.0g,制大黄,1.5g,薏苡仁,2.0g,苍术,1.5g,白芷,1.5g,藿香,2.0g,僵蚕,1.5g,半夏,1.0g,川芎,1.5g,天麻,1.0g
白扁豆,2钱半,莲子,2钱半,人参,2钱半,茯苓,1钱半,神曲,2钱半,甘草,1钱,白芷,1钱,木香,1钱,黄芪,1钱
海螵蛸,300.0g,白芨,500.0g,香附,250.0g,党参,250.0g,三七,250.0g,元胡,100.0g,白矾,100.0g,鸡内金,500.0g,血竭,50.0g,大黄,250.0g,当归,250.0g,甘草,250.0g,蜂花粉,1000.0g,松香,50.0g,花椒,200.0g
桂枝,1.0g,茯苓,2.0g,赤芍,1.5g,桃仁,1.5g,元胡,1.5g,川楝子,1.5g,香附,1.5g,蒲公英,2.0g,薏苡仁,2.0g,青皮,1.5g,土茯苓,2.0g,黄柏,1.5g,苍术,1.5g
槟榔,7钱半,甘草,7钱半,木香,7钱半,陈皮,7钱半,芎?,7钱半,白术,7钱半,大腹皮,1两,川羌,1两,苏叶,1两,木瓜,1两,沉香,1两
黄连,1两,犀角屑,1两,地肤子,1两,草决明,1两,黄芩,1两,苦参,1两,玄参,1两,车前子,1两,川朴消,2两,龙胆草,2两
萆薢,1两,狗脊,1两,肉桂,1分,槟榔,0.5两,吴茱萸,1分,桑根白皮,3分,大黄,1两
炒黄连,7分,泽泻,8分,山药,8分,甘草,5分,白扁豆,1钱5分,白芍,6分,茯苓,8分,木香,1分,山楂肉,1钱,丹皮,7分,白术,7分,陈皮,5分
麻黄,None,掠去沫,1两,白芍,1两,甘草,1两,肉桂,0.5两,细辛,0.5两
前胡,12克,杏仁,9克,桑叶,12克,知母,12克,麦冬,9克,黄芩,9克,金银花,15克,款冬花,15克,枇杷叶,12克,桔梗,9克,甘草,6克
人参,None,牛膝,None,熟地,None,麦冬,None,山萸肉,None,五味子,None,枸杞子,None,胡桃,None,故纸,None
人参,1钱,白术,1钱,黄芪,5分,川芎,5分,陈皮,5分,甘草,3分
龟板,0.0g,牡蛎,0.0g,鳖甲,0.0g,龙骨,0.0g,阿胶,0.0g,生地,0.0g,白芍,0.0g,甘草,0.0g,女贞子,0.0g,旱莲草,0.0g
川芎,1.5g,白芍,2.0g,乳香,1.0g,没药,1.0g,姜黄,1.0g,川羌,1.0g,防风,1.5g,桑枝,3.0g,络石藤,2.0g,钩藤,1.5g,金钱草,2.0g
甘草,1两,白术,1两,阿胶,1两,干姜,1两,黄芩,1两,伏龙肝,1合
白芍,0.5斤,当归,2两,公丁香,2两,海桐皮,2两,肉桂,2两,莪术,2两,人参,2两,干姜,4两,茯苓,4两,香附,4两,白术,4两,甘草,4两,山药,4两
干姜,None,片切,4两,公丁香,1两,附子,1两
蒺藜,0.5两,淡豆豉,0.5两,鼠妇,1分,大黄,1分,肉桂,1分,细辛,1分
莲子,2两,附子,2两,巴戟天,2两,破故子,2两,山萸肉,1两,覆盆子,1两,龙骨,0.5两
人参,10.0g,炙黄芪,10.0g,桂枝,10.0g,白芍,10.0g,干姜,10.0g,大枣,10枚
附子,None,人参,0.5两,小茴香,1分,茯苓,1分,山药,1分,甘草,3分,干姜,3分
郁金,1两,黄连,1两,黄芩,1两,糯米,3合
逍遥散加丹皮,None,栀子,None
生冬葵根,2斤,绞取汁,3合,干姜,4两,绞取汁,1合
款冬花,1两,麻黄,1两,甘草,1两,杏仁,1两
防己,2两,甘草,1两,黄芪,1两,麻黄,None,先煎,None,掠去沫,1两,白术,1两半
薏苡仁,15.0g,滑石,15.0g,鸭跖草,15.0g,茯苓,12.0g,连翘,9.0g,通草,4.0g,黄芩,6.0g,淡竹叶,6.0g,紫草,6.0g,牛蒡子,6.0g,鲜空心苋,50.0g
雄黄,1两,人参,5钱
干漆,2钱半,雄黄,2钱半,芜荑,3钱,狗脊,3钱,巴豆,1钱
朱砂,0.5两,千金子,3分,轻粉,1钱
陈皮,None,半夏,None,茯苓,None,白术,None,苍术,None,砂仁,None,山药,None,车前子,None,川木通,None,厚朴,None,甘草,None
大黄,3两,枳壳,3两,白芍,3两,山栀子仁,2两,黄芩,2两
苍术,4两,醋浸,1两,泔水浸,1两,盐水浸,None,芦巴子,1两,破故子,1两,覆盆子,2钱,小茴香,1钱,川楝子,1两,木香,0.5两,山药,3钱,穿山甲,3钱,地龙,3钱,茯苓,3钱,枸杞子,3钱,牛膝,3钱
石菖蒲,1两,枸杞子,1两,茯苓,1两,人参,1两,山药,1两,泽泻,1两,菟丝子,1两,肉苁蓉,1两
麻黄,5两,肉桂,4两,干姜,3两,甘草,2两,附子,2枚
蒺藜,1两,防风,1两,甘草,1两,僵蚕,1两,天南星,1两半,大青盐,0.5两,水煮透,None,取出焙,None,甘菊花,3两
人参,3克,当归,3克,白术,3克,黄芪,3克,五味子,3克,山萸肉,3.6克,肉苁蓉,3.6克,麦冬,3.6克,黄柏,3.6克,生地,3.6克
沙苑子,500克,取净药,120克,余滓用水泡三至五日,None,莲须,120克,芡实,120克,枸杞子,60克,菟丝子,60克,山萸肉,120克,覆盆子,None,酒拌,60克,续断,60克,金樱子,90克,真龙骨,None,火煅,15克
甘草,15克,黄芪,15克,党参,12克,生地,12克,麦冬,12克,茯苓,12克,桂枝,10克,白芍,10克,郁金,10克,佛手,10克,干姜,6克,大枣,5枚
香附,6克,丹皮,3克,红曲,3克,川通草,3克,穿山甲,3克,降香,3克,苏木,3克,山楂肉,3克,麦芽,3克,红花,2.1克
龙胆草,1两,石菖蒲,9节,漏芦,1两,胡连,0.5两,地榆,0.5两,鸡肝,1两,猪肝,1两
熟地,20.0g,当归,15.0g,白芍,15.0g,蒲黄,10.0g,玉灵脂,10.0g,海螵蛸,10.0g,续断,10.0g,龙骨,20.0g,牡蛎,20.0g,茜草,10.0g,大黄,15.0g
黄连,9.0g,黄柏,9.0g,锻石膏,12.0g
穿山甲,5钱,白芷,5钱,防风,5钱,没药,5钱,甘草,5钱,白芍,5钱,川贝,5钱,金银花,3钱,陈皮,3钱,皂角刺,1钱
飞青黛,5钱,伏龙肝,2两
龙胆草,7.5g,鸡内金,10.0g,川木通,7.5g,莱菔子,10.0g,川乙金,10.0g,桃仁,2.5g,陈皮,2.5g,丝瓜络,10.0g,麦芽,15.0g,川厚朴,5.0g
蜂蜡,9两,蜂蜡,9两,百草霜,5钱,铜绿,2两
朱砂,1两,雄黄,1两
枳实,7枚,白术,30克
川芎,1两,防风,1两,川羌,1两,甘草,0.5两,木贼,1两,石膏,1两,石决明,1两,荆芥,1两,薄荷,1两,甘菊花,1两
党参,15.0g,菟丝子,12.0g,白术,12.0g,桑寄生,10.0g,杜仲,10.0g,生地,15.0g,黄芩,9.0g,丹皮,9.0g,栀子,9.0g,阿胶,15.0g
川羌,None,苍术,None,防风,None,赤苓,None,猪苓,None,泽泻,None,川木通,None,白术,None,肉桂,None
槟榔,1分,没药,1分,盐,1分,麝香,1分,当归,1分,干蝎,1分,川芎,1分,樟丹,3两,清油,5两,垂柳枝,2两
黄连,6.0g,竹茹,15.0g,半夏,12.0g,陈皮,10.0g,茯苓,12.0g,枳壳,12.0g,木香,12.0g,甘草,6.0g,鱼腥草,15.0g
琥珀,1两,当归,1两,木香,1两,川芎,1两,防风,1两,槟榔,1两,三棱,1两2钱半,干姜,1两2钱半,肉桂,1两2钱半,吴白术,0.5两,柴胡,0.5两,人参,0.5两,青皮,7钱半,吴茱萸,7钱半,全蝎,7钱半,附子,7钱半,草蔻,7钱半,赤芍,7钱半,侧柏叶,7钱半,白芷,7钱半,天麻,7钱半,桃仁,1两半,败龟甲,1两半,鳖甲,1两半
真尖黄,None,提濂珠,None,三梅片,None,硼砂,None,银粉霜,None,天竺黄,None,朱砂,None
黄连,1钱,甘草,1钱,苏梗,1钱5分,牛蒡子,1钱5分,玄参,1钱5分,赤芍,1钱5分,荆芥,1钱5分,连翘,1钱5分,黄芩,1钱5分,天花粉,1钱5分,射干,1钱5分,防风,1钱5分
生地,60克,当归,30克,白芍,30克,续断,30克,白术,30克,川芎,30克
党参,20.0g,白术,12.0g,茯苓,12.0g,陈皮,10.0g,桔梗,10.0g,砂仁,10.0g,山楂,12.0g,建曲,12.0g,谷芽,15.0g,杏仁,10.0g,半夏,10.0g
珍珠,3分,牛黄,3分,琥珀,5分,胆南星,2钱,白附子,2钱,蝉蜕,2钱,僵蚕,2钱,茯苓,2钱,皂角,2钱,防风,2钱,茯神,2钱,天竺黄,1钱,橘红,1钱,甘草,1钱,薄荷,1钱,朱砂,1钱,天麻,3钱,全蝎,20个,礞石,3钱,冰片,3分,麝香,3分
黄连,12.0g,吴茱萸,3.0g,木香,15.0g,白芍,18.0g,秦皮,12.0g,白头翁,20.0g,黄芩,12.0g,半夏,15.0g,陈皮,10.0g,槟榔,15.0g,防风,10.0g,甘草,6.0g
槟榔,15.0g,草果,15.0g,知母,15.0g,厚朴,10.0g,黄芩,12.0g,甘草,3.0g
红藤,30.0g,蒲公英,30.0g,茯苓,10.0g,薏苡仁,12.0g,赤芍,15.0g,丹皮,10.0g,败酱草,30.0g,当归,10.0g,丹参,20.0g,香附,10.0g
广茂,0.6克,红花,0.6克,升麻,0.6克,吴茱萸,0.6克,生甘草,0.9克,柴胡,0.9克,泽泻,0.9克,神曲,0.9克,青皮,0.9克,陈皮,0.9克,厚朴,1.5克,黄芩,1.5克,黄连,1.5克,益智仁,1.5克,草豆蔻仁,1.5克,当归梢,1.5克,半夏,2.1克
桑叶,2.0g,栀子,1.5g,丹皮,1.5g,地骨皮,2.0g,生地,2.0g,白芍,2.0g,赤芍,1.5g,枳壳,1.5g,川楝子,1.5g,青皮,1.5g,合欢皮,1.5g,刺力,1.5g
鹿角霜,1两,肉苁蓉,None,附子,1两,巴戟天,1两,花椒,1两
犀角,2两,旋覆花,2两,白术,2两,肉桂,2两,防己,2两,黄芩,2两,淡豆豉,1升,陈皮,2两,茯苓,2两,前胡,4两,桑白皮,4两,紫苏茎叶,1握,大枣,10枚
苏子,75g,半夏,75g,川当归,45g,甘草,60g,前胡,30g,厚朴,30g,肉桂,45g,干姜,2片,苏叶五叶,None,大枣,1个
防己,0.5两,肉桂,3分,防风,3分,甘草,0.5两,生地,2斤
漏芦,2两,白芨,2两,黄芩,2两,麻黄,2两,白薇,2两,枳实,2两,升麻,2两,白芍,2两,甘草,2两,大黄,2两
蓖麻子仁,98.0g,%五倍子末,2.0g
当归,2.4克,川芎,1.5克,白芍,1.8克,生地,3克,黄连,1.8克,黄柏,2.1克,栀子,2.1克,地榆,2.4克,槐花,1.5克,阿胶,1.8克,侧柏叶,1.8克
麻黄,3份,乳香,3份,没药,3份,白芥子,2份,牛膝,2份,川羌,2份,秦艽,2份,五灵脂,2份,红花,2份,桃仁,2份,甘草,2份,土元,1份,细辛,1份,地龙,4份,香附,4份,全蝎,0.5份
石膏,5钱,人参,3钱,白术,1两,厚朴,2钱,天南星,3钱,半夏,3钱,陈皮,1钱,麦冬,1两
赤苓,1钱,桑白皮,1钱,川贝,1钱,升麻,0.5钱,甘草,0.5钱,桔梗,0.5钱,杏仁,0.5钱,葶苈子,0.5钱
黄连,100.0g,蕤仁,100双
人参,5钱,白术,5钱,甘草,1钱,香薷,1钱,茯苓,2钱,干姜,3分
桃,10斤,柳,10斤,莨菪,2斤,藜芦,2斤,乌头,2斤,茵芋,2斤,丹参,2斤,楮叶,2斤,白羊膻,2斤,侧柏叶,2斤,大黄,2斤,射干,2斤,桑甲,2斤,藁本,2斤,枣叶,2斤,松叶,2斤,吴茱萸,2斤,盐,5升
黄连,3.0g,葛根,5.0g,苍术,5.0g,厚朴,5.0g,板蓝根,10.0g,茯苓,10.0g,泽泻,10.0g,藿香,10石,榴皮,10.0g,神曲,10.0g
红粉,0.0g,石膏,0.0g
槟榔,1钱,牛膝,1钱,防己,1钱,独活,1钱,秦艽,1钱,青木香,8分,天麻,8分,赤芍,8分,桑枝,2钱,当归,5分
人参,5钱,茯苓,1两,生甘草,2钱,金银花,1两,牛膝,5钱,白术,1两
大黄,1两,炙大黄令干,None,又淬入姜汁中,None,如此淬尽,None
半夏,None,麦冬,1两半,升麻,1两,前胡,1两,槟榔,2枚,陈皮,None,大黄,0.5两,竹叶,30片,生地,3两
川升麻,1分,玄参,1分,射干,1分,百合,1分,马蔺根,1分,甘草,1分,马牙消,0.5两
生地,None,川芎,None,白芍,None,当归,None,连翘,None,紫草茸,None
陈皮,2钱,茯苓,3钱,半夏,3钱,甘草,3钱,枳实,2钱,竹茹,3钱
百合,50.0g,白术,12.0g,郁金,12.0g,大枣,12.0g,佛手,12.0g,山药,30.0g,浮小麦,30石,石菖蒲,15.0g,麦冬,15.0g,远志,15.0g,酸枣仁,15.0g,北沙参,15.0g
常山,2两,干漆,3分,甘草,1两,淡豆豉,1合
菊花,20克,苦参,20克,当归,20克,生黄芪,20克,蒺藜,15克,防风,15克,桔梗,15克,苍术,15克,黄芩,15克,牛膝,15克,白芷,10克,续断,10克,生地,10克,桂枝,5克,薄荷,5克
火麻仁,120g,杏仁,60g,大黄,120g,木香,60g,陈皮,120g,白芍,60g
川羌,None,独活,None,柴胡,None,茯苓,None,桔梗,None,五味子,None,黄芩,None,薄荷,None,藁本,None,甘草,None,白芷,None,川芎,None,白芍,None,蔓荆,None
沉香,0.5两,南木香,4钱,公丁香,4钱,檀香,4钱,毕澄茄,0.5两,片子白姜黄,0.5两,陈橘红,3钱,青皮,3钱,粉大甘草,7钱,藿香,4钱,白豆蔻仁,0.5两,乌药,0.5两,人参,0.5两,砂仁,3钱
炉甘石,1两,红粉,1钱
草乌,5钱,白芷,1两,五灵脂,2两,川羌,2两,苍术,3两,乳香,1两,自然铜,2两
凤眼草,1两,槐角,1两,地榆,1两,枳壳,1两,芥穗,0.5两,密陀僧,0.5两,槐花,0.5两
肉桂,1两,当归,0.5两,吴茱萸,0.5两,赤芍,0.5两,厚朴,1两,涂生姜汁,None,槟榔,2两,郁李仁,1两
枳实,30克,麦芽,30克,神曲,30克,白术,60克
侧柏,2两,黄芪,1两,地榆,1两,赤芍,1两,吴茱萸,0.5两,牛角腮,2两半,禹余粮,2两,醋淬,None,代赭,1两
牡蛎,None,枳壳,1.5g,刺力,1.5g,薄荷,1.0g
附子,30克,沉香,30克,朱砂,30克,枸杞子,30克,母丁香,30克,木香,30克,阳起石,30克,肉苁蓉,30克,熟地,30克,麝香,30克,天雄,30克,肉桂,30克,硫黄,30克,轻粉,1.5克,白丁香,None
白术,None,黄柏,None,防风,None,独活,None
猪苓,None,泽泻,None,白术,None,赤苓,None,肉桂,None,五加皮,None,厚朴,None,陈皮,None,甘草,None,桑白皮,None,防风,None,藁本,None,川羌,None,人参,None
公丁香,1分,人参,1分,白茅根,0.5两,麦冬,0.5两,陈皮,1分,甘草,1分
黄芪,0.5两,赤芍,0.5两,麦冬,1两,人参,0.5两,柴胡,3分,胡连,0.5两,鳖甲,1两,炙令黄,None,甘草,0.5两
海螵蛸,3分,白芨,3分,轻粉,1分
红屯,30.0g,柴胡,9.0g,枳壳,9.0g,白芍,15.0g,甘草,9.0g,川楝子,15.0g,乳香,15.0g,制没药,9.0g
棕榈,10.0g,莲房,10.0g,生地,15.0g,炒丹皮,10.0g,当归,10.0g,炒芍药,10.0g,炒地榆,15.0g,炒黄芩,8.0g,炒蒲黄,12.0g
桑叶,30.0g,菊花,15.0g,蝉蜕,15.0g,僵蚕,15.0g,地龙,15.0g,天麻,12.0g,半夏,12.0g,川芎,15.0g,白附子,6.0g,川羌,15.0g,白芍,18.0g,全蝎,6.0g,甘草,6.0g
升麻,None,葛根,None,赤芍,None,甘草,None,桔梗,None,柴胡,None,防风,None,荆芥,None,连翘,None,苦地丁,None,川木通,None,麦冬,None
白矾,5钱,黑矾,5钱,诃子,1枚,枳壳,5钱,白附子,10个,天南星,5钱,半夏,3钱,瓜蒌,3钱,刺猬皮,10个,胡桃仁,10个,鸡冠花,3钱
茯苓,5分,黄芪,5分,当归,5分,川芎,5分,白芍,5分,白芷,5分,升麻,2分,栀子,2分
麝香,0.5钱,川芎,0.5钱,川羌,0.5钱,天麻,0.5钱,当归,0.5钱,胆酿南星,0.5钱,半夏,None,蝎蛸,1钱半,僵蚕,1钱半,朱砂,1钱半
黄柏,0.0g,龟板,0.0g,知母,0.0g,熟地,0.0g,虎骨,0.0g,陈皮,0.0g,白芍,0.0g,锁阳,0.0g,干姜,0.0g
何首乌,None,当归,None,五加皮,None,骨碎补,None,生地,None,青皮,None,杜仲,None,远志,None,甘草,None,附子,None,姜制,None,巴戟天,None,酸枣仁,None,琐阳,None,紫梢花,5钱,枸杞子,1两,槐角,1两,蒺藜,None,肉苁蓉,None,蛇床子,None,牛膝,None,大青盐,2两,金樱子,6钱,破故子,6钱
半夏,None,巴豆,None,当归,None,乳香,None,没药,None,硼砂,None,血竭,None,土元,None
樟丹,15克,铅粉,15克,天花粉,75克,甘草,75克,泽泻,37.5克,石膏,37.5克,赤石脂,37.5克,白石脂,37.5克
姜黄,12.0g,栀子,12.0g,大黄,12.0g,蒺藜,12.0g,穿山甲,10.0g,冰片,5.0g
海螵蛸,50.0g,浙贝,50.0g,生甘草,50.0g,乳香,30.0g,没药,30.0g,三七,30.0g
羚羊角屑,1两半,防风,1两半,麻黄,1两半,人参,1两半,柏子仁,1两半,诃黎勒皮,1两半,白槟榔,2两,熟干地黄,2两,火麻仁,2两,川羌,2两,茯神,2两,肉桂,2两,芎?,2两,枳壳,2两,杏仁,1两
生代赭石,45.0g,夏枯草,18.0g,半夏,18.0g,车前草,18.0g
蜂蜡,4两,银朱,8钱
蚌粉,None,青黛,None
人参,30克,茯苓,30克,白芥子,9克,石菖蒲,3克,神曲,9克,半夏,6克,天南星,6克,黄连,3克,甘草,3克,枳壳,1.5克
